#Measurements of the CMB-only TT power spectrum, power is l(l+1) C_l / 2pi in uK^2
#
   Experiment      ,    l_min ,  l_center ,     l_max ,       Power  ,  Sigma_minus ,   Sigma_plus ,    Upper Limit
ACTPol             ,          ,     500.0 ,           ,    2211.2000 ,     208.4000 ,     208.4000 ,             
ACTPol             ,          ,     550.0 ,           ,    2468.0000 ,     194.7000 ,     194.7000 ,             
ACTPol             ,          ,     600.0 ,           ,    2289.3000 ,     153.1000 ,     153.1000 ,             
ACTPol             ,          ,     650.0 ,           ,    1977.6000 ,     134.3000 ,     134.3000 ,             
ACTPol             ,          ,     700.0 ,           ,    1870.7000 ,     125.7000 ,     125.7000 ,             
ACTPol             ,          ,     750.0 ,           ,    2242.3000 ,     135.5000 ,     135.5000 ,             
ACTPol             ,          ,     800.0 ,           ,    2564.3999 ,     143.7000 ,     143.7000 ,             
ACTPol             ,          ,     850.0 ,           ,    2521.5000 ,     137.8000 ,     137.8000 ,             
ACTPol             ,          ,     900.0 ,           ,    1902.2000 ,      95.7000 ,      95.7000 ,             
ACTPol             ,          ,     950.0 ,           ,    1373.1000 ,      73.8000 ,      73.8000 ,             
ACTPol             ,          ,    1000.0 ,           ,    1017.2000 ,      62.0000 ,      62.0000 ,             
ACTPol             ,          ,    1050.0 ,           ,    1003.7000 ,      59.6000 ,      59.6000 ,             
ACTPol             ,          ,    1100.0 ,           ,    1298.3000 ,      60.8000 ,      60.8000 ,             
ACTPol             ,          ,    1150.0 ,           ,    1202.2000 ,      59.0000 ,      59.0000 ,             
ACTPol             ,          ,    1200.0 ,           ,     990.8000 ,      51.1000 ,      51.1000 ,             
ACTPol             ,          ,    1250.0 ,           ,     849.4000 ,      38.1000 ,      38.1000 ,             
ACTPol             ,          ,    1300.0 ,           ,     654.2000 ,      36.3000 ,      36.3000 ,             
ACTPol             ,          ,    1350.0 ,           ,     825.5000 ,      36.4000 ,      36.4000 ,             
ACTPol             ,          ,    1400.0 ,           ,     836.3000 ,      38.1000 ,      38.1000 ,             
ACTPol             ,          ,    1450.0 ,           ,     774.6000 ,      36.1000 ,      36.1000 ,             
ACTPol             ,          ,    1500.0 ,           ,     645.4000 ,      29.6000 ,      29.6000 ,             
ACTPol             ,          ,    1550.0 ,           ,     510.0000 ,      24.1000 ,      24.1000 ,             
ACTPol             ,          ,    1600.0 ,           ,     445.0000 ,      20.0000 ,      20.0000 ,             
ACTPol             ,          ,    1650.0 ,           ,     408.9000 ,      19.4000 ,      19.4000 ,             
ACTPol             ,          ,    1700.0 ,           ,     377.5000 ,      18.5000 ,      18.5000 ,             
ACTPol             ,          ,    1750.0 ,           ,     383.9000 ,      17.3000 ,      17.3000 ,             
ACTPol             ,          ,    1800.0 ,           ,     351.0000 ,      16.1000 ,      16.1000 ,             
ACTPol             ,          ,    1850.0 ,           ,     290.4000 ,      14.3000 ,      14.3000 ,             
ACTPol             ,          ,    1900.0 ,           ,     247.9000 ,      12.5000 ,      12.5000 ,             
ACTPol             ,          ,    1950.0 ,           ,     253.8000 ,      11.8000 ,      11.8000 ,             
ACTPol             ,          ,    2000.0 ,           ,     234.2000 ,      11.8000 ,      11.8000 ,             
ACTPol             ,          ,    2075.0 ,           ,     223.3000 ,       7.5000 ,       7.5000 ,             
ACTPol             ,          ,    2175.0 ,           ,     151.2000 ,       6.1000 ,       6.1000 ,             
ACTPol             ,          ,    2275.0 ,           ,     114.8000 ,       5.1000 ,       5.1000 ,             
ACTPol             ,          ,    2375.0 ,           ,     103.7000 ,       4.9000 ,       4.9000 ,             
ACTPol             ,          ,    2475.0 ,           ,      84.2000 ,       4.2000 ,       4.2000 ,             
ACTPol             ,          ,    2625.0 ,           ,      63.3000 ,       2.6000 ,       2.6000 ,             
ACTPol             ,          ,    2825.0 ,           ,      35.7000 ,       2.3000 ,       2.3000 ,             
ACTPol             ,          ,    3025.0 ,           ,      24.9000 ,       2.0000 ,       2.0000 ,             
ACTPol             ,          ,    3325.0 ,           ,      13.1000 ,       1.5000 ,       1.5000 ,             
ACTPol             ,          ,    3725.0 ,           ,       3.2000 ,       1.4000 ,       1.4000 ,             
ACTPol             ,          ,    4125.0 ,           ,       0.4000 ,       1.5000 ,       1.5000 ,             
Planck_COM_PowerSp ,          ,       2.0 ,           ,     242.2000 ,     140.1000 ,     563.6000 ,             
Planck_COM_PowerSp ,          ,       3.0 ,           ,     886.2000 ,     424.2000 ,    1144.9000 ,             
Planck_COM_PowerSp ,          ,       4.0 ,           ,     728.1000 ,     307.9000 ,     697.0000 ,             
Planck_COM_PowerSp ,          ,       5.0 ,           ,    1391.6000 ,     530.0000 ,    1066.9000 ,             
Planck_COM_PowerSp ,          ,       6.0 ,           ,     542.6000 ,     191.8000 ,     357.9000 ,             
Planck_COM_PowerSp ,          ,       7.0 ,           ,    1122.7000 ,     367.3000 ,     647.2000 ,             
Planck_COM_PowerSp ,          ,       8.0 ,           ,     657.0000 ,     202.0000 ,     340.5000 ,             
Planck_COM_PowerSp ,          ,       9.0 ,           ,     649.0000 ,     191.1000 ,     310.9000 ,             
Planck_COM_PowerSp ,          ,      10.0 ,           ,     874.7000 ,     244.1000 ,     385.7000 ,             
Planck_COM_PowerSp ,          ,      11.0 ,           ,     986.0000 ,     262.2000 ,     403.9000 ,             
Planck_COM_PowerSp ,          ,      12.0 ,           ,     783.1000 ,     201.5000 ,     303.9000 ,             
Planck_COM_PowerSp ,          ,      13.0 ,           ,     678.7000 ,     168.7000 ,     250.1000 ,             
Planck_COM_PowerSp ,          ,      14.0 ,           ,     824.5000 ,     196.5000 ,     286.5000 ,             
Planck_COM_PowerSp ,          ,      15.0 ,           ,     877.4000 ,     203.1000 ,     291.8000 ,             
Planck_COM_PowerSp ,          ,      16.0 ,           ,     703.9000 ,     162.5000 ,     230.9000 ,             
Planck_COM_PowerSp ,          ,      17.0 ,           ,     881.2000 ,     193.8000 ,     272.0000 ,             
Planck_COM_PowerSp ,          ,      18.0 ,           ,     680.0000 ,     146.8000 ,     204.0000 ,             
Planck_COM_PowerSp ,          ,      19.0 ,           ,     841.8000 ,     177.6000 ,     244.4000 ,             
Planck_COM_PowerSp ,          ,      20.0 ,           ,     763.3000 ,     156.4000 ,     213.1000 ,             
Planck_COM_PowerSp ,          ,      21.0 ,           ,     670.4000 ,     136.7000 ,     184.9000 ,             
Planck_COM_PowerSp ,          ,      22.0 ,           ,     600.5000 ,     120.8000 ,     162.2000 ,             
Planck_COM_PowerSp ,          ,      23.0 ,           ,     774.0000 ,     151.0000 ,     201.3000 ,             
Planck_COM_PowerSp ,          ,      24.0 ,           ,     822.6000 ,     156.2000 ,     207.0000 ,             
Planck_COM_PowerSp ,          ,      25.0 ,           ,     848.7000 ,     160.7000 ,     211.3000 ,             
Planck_COM_PowerSp ,          ,      26.0 ,           ,     903.5000 ,     166.7000 ,     217.8000 ,             
Planck_COM_PowerSp ,          ,      27.0 ,           ,     897.5000 ,     161.8000 ,     210.5000 ,             
Planck_COM_PowerSp ,          ,      28.0 ,           ,    1142.3000 ,     201.7000 ,     261.6000 ,             
Planck_COM_PowerSp ,          ,      29.0 ,           ,    1140.0000 ,     198.3000 ,     255.5000 ,             
Planck_Plik_lite   ,          ,      32.0 ,           ,    1108.7000 ,     117.7000 ,     117.7000 ,             
Planck_Plik_lite   ,          ,      37.0 ,           ,    1188.2000 ,     117.3000 ,     117.3000 ,             
Planck_Plik_lite   ,          ,      42.0 ,           ,    1437.5000 ,     118.3000 ,     118.3000 ,             
Planck_Plik_lite   ,          ,      47.0 ,           ,    1380.1000 ,     119.8000 ,     119.8000 ,             
Planck_Plik_lite   ,          ,      52.0 ,           ,    1333.3000 ,     122.2000 ,     122.2000 ,             
Planck_Plik_lite   ,          ,      57.0 ,           ,    1606.1000 ,     124.5000 ,     124.5000 ,             
Planck_Plik_lite   ,          ,      62.0 ,           ,    1677.5000 ,     127.6000 ,     127.6000 ,             
Planck_Plik_lite   ,          ,      67.0 ,           ,    1842.7000 ,     130.9000 ,     130.9000 ,             
Planck_Plik_lite   ,          ,      72.0 ,           ,    1987.1000 ,     134.5000 ,     134.5000 ,             
Planck_Plik_lite   ,          ,      77.0 ,           ,    1773.1000 ,     138.4000 ,     138.4000 ,             
Planck_Plik_lite   ,          ,      82.0 ,           ,    2175.3999 ,     143.1000 ,     143.1000 ,             
Planck_Plik_lite   ,          ,      87.0 ,           ,    2341.8999 ,     147.5000 ,     147.5000 ,             
Planck_Plik_lite   ,          ,      92.0 ,           ,    2459.5000 ,     152.5000 ,     152.5000 ,             
Planck_Plik_lite   ,          ,      97.0 ,           ,    2488.0000 ,     157.3000 ,     157.3000 ,             
Planck_Plik_lite   ,          ,     104.0 ,           ,    2962.3999 ,     119.7000 ,     119.7000 ,             
Planck_Plik_lite   ,          ,     113.0 ,           ,    3227.5000 ,     126.5000 ,     126.5000 ,             
Planck_Plik_lite   ,          ,     122.0 ,           ,    3388.5000 ,     133.7000 ,     133.7000 ,             
Planck_Plik_lite   ,          ,     131.0 ,           ,    3594.2000 ,     140.7000 ,     140.7000 ,             
Planck_Plik_lite   ,          ,     140.0 ,           ,    4233.3999 ,     147.5000 ,     147.5000 ,             
Planck_Plik_lite   ,          ,     149.0 ,           ,    4256.0000 ,     153.3000 ,     153.3000 ,             
Planck_Plik_lite   ,          ,     158.0 ,           ,    4782.1001 ,     158.8000 ,     158.8000 ,             
Planck_Plik_lite   ,          ,     167.0 ,           ,    4846.0000 ,     163.6000 ,     163.6000 ,             
Planck_Plik_lite   ,          ,     176.0 ,           ,    5127.3999 ,     167.0000 ,     167.0000 ,             
Planck_Plik_lite   ,          ,     185.0 ,           ,    5379.6001 ,     169.2000 ,     169.2000 ,             
Planck_Plik_lite   ,          ,     194.0 ,           ,    5550.7998 ,     170.3000 ,     170.3000 ,             
Planck_Plik_lite   ,          ,     203.0 ,           ,    5449.2998 ,     170.2000 ,     170.2000 ,             
Planck_Plik_lite   ,          ,     212.0 ,           ,    5636.2998 ,     168.5000 ,     168.5000 ,             
Planck_Plik_lite   ,          ,     221.0 ,           ,    5815.2002 ,     165.5000 ,     165.5000 ,             
Planck_Plik_lite   ,          ,     230.0 ,           ,    5689.5000 ,     161.3000 ,     161.3000 ,             
Planck_Plik_lite   ,          ,     239.0 ,           ,    5779.7002 ,     156.2000 ,     156.2000 ,             
Planck_Plik_lite   ,          ,     248.0 ,           ,    5433.7998 ,     150.0000 ,     150.0000 ,             
Planck_Plik_lite   ,          ,     257.0 ,           ,    5230.7998 ,     142.6000 ,     142.6000 ,             
Planck_Plik_lite   ,          ,     266.0 ,           ,    5091.7002 ,     135.0000 ,     135.0000 ,             
Planck_Plik_lite   ,          ,     275.0 ,           ,    5103.3999 ,     126.5000 ,     126.5000 ,             
Planck_Plik_lite   ,          ,     284.0 ,           ,    4548.6001 ,     118.0000 ,     118.0000 ,             
Planck_Plik_lite   ,          ,     293.0 ,           ,    4377.2998 ,     109.1000 ,     109.1000 ,             
Planck_Plik_lite   ,          ,     302.0 ,           ,    3933.8000 ,     100.3000 ,     100.3000 ,             
Planck_Plik_lite   ,          ,     311.0 ,           ,    3650.8999 ,      91.6000 ,      91.6000 ,             
Planck_Plik_lite   ,          ,     320.0 ,           ,    3411.0000 ,      83.2000 ,      83.2000 ,             
Planck_Plik_lite   ,          ,     329.0 ,           ,    3176.7000 ,      75.4000 ,      75.4000 ,             
Planck_Plik_lite   ,          ,     338.0 ,           ,    2844.6001 ,      68.1000 ,      68.1000 ,             
Planck_Plik_lite   ,          ,     347.0 ,           ,    2499.1001 ,      61.5000 ,      61.5000 ,             
Planck_Plik_lite   ,          ,     356.0 ,           ,    2359.3000 ,      55.6000 ,      55.6000 ,             
Planck_Plik_lite   ,          ,     365.0 ,           ,    2184.5000 ,      50.6000 ,      50.6000 ,             
Planck_Plik_lite   ,          ,     374.0 ,           ,    2039.5000 ,      46.5000 ,      46.5000 ,             
Planck_Plik_lite   ,          ,     383.0 ,           ,    1893.0000 ,      43.1000 ,      43.1000 ,             
Planck_Plik_lite   ,          ,     392.0 ,           ,    1787.9000 ,      40.8000 ,      40.8000 ,             
Planck_Plik_lite   ,          ,     401.0 ,           ,    1733.1000 ,      39.1000 ,      39.1000 ,             
Planck_Plik_lite   ,          ,     410.0 ,           ,    1739.6000 ,      38.2000 ,      38.2000 ,             
Planck_Plik_lite   ,          ,     419.0 ,           ,    1729.8000 ,      38.0000 ,      38.0000 ,             
Planck_Plik_lite   ,          ,     428.0 ,           ,    1769.2000 ,      38.3000 ,      38.3000 ,             
Planck_Plik_lite   ,          ,     437.0 ,           ,    1770.1000 ,      39.0000 ,      39.0000 ,             
Planck_Plik_lite   ,          ,     446.0 ,           ,    1856.9000 ,      40.1000 ,      40.1000 ,             
Planck_Plik_lite   ,          ,     455.0 ,           ,    2046.1000 ,      41.4000 ,      41.4000 ,             
Planck_Plik_lite   ,          ,     464.0 ,           ,    2224.6001 ,      42.8000 ,      42.8000 ,             
Planck_Plik_lite   ,          ,     473.0 ,           ,    2178.8999 ,      44.2000 ,      44.2000 ,             
Planck_Plik_lite   ,          ,     482.0 ,           ,    2324.8999 ,      45.5000 ,      45.5000 ,             
Planck_Plik_lite   ,          ,     491.0 ,           ,    2419.8000 ,      46.7000 ,      46.7000 ,             
Planck_Plik_lite   ,          ,     500.0 ,           ,    2447.7000 ,      47.8000 ,      47.8000 ,             
Planck_Plik_lite   ,          ,     509.0 ,           ,    2580.0000 ,      48.4000 ,      48.4000 ,             
Planck_Plik_lite   ,          ,     518.0 ,           ,    2557.3000 ,      48.8000 ,      48.8000 ,             
Planck_Plik_lite   ,          ,     527.0 ,           ,    2581.8000 ,      49.0000 ,      49.0000 ,             
Planck_Plik_lite   ,          ,     536.0 ,           ,    2523.7000 ,      48.8000 ,      48.8000 ,             
Planck_Plik_lite   ,          ,     545.0 ,           ,    2519.6001 ,      48.1000 ,      48.1000 ,             
Planck_Plik_lite   ,          ,     554.0 ,           ,    2564.1001 ,      47.4000 ,      47.4000 ,             
Planck_Plik_lite   ,          ,     563.0 ,           ,    2545.2000 ,      46.2000 ,      46.2000 ,             
Planck_Plik_lite   ,          ,     572.0 ,           ,    2413.7000 ,      44.9000 ,      44.9000 ,             
Planck_Plik_lite   ,          ,     581.0 ,           ,    2409.5000 ,      43.4000 ,      43.4000 ,             
Planck_Plik_lite   ,          ,     590.0 ,           ,    2373.2000 ,      41.8000 ,      41.8000 ,             
Planck_Plik_lite   ,          ,     599.0 ,           ,    2206.1001 ,      40.2000 ,      40.2000 ,             
Planck_Plik_lite   ,          ,     608.0 ,           ,    2118.8000 ,      38.5000 ,      38.5000 ,             
Planck_Plik_lite   ,          ,     617.0 ,           ,    2136.2000 ,      36.9000 ,      36.9000 ,             
Planck_Plik_lite   ,          ,     626.0 ,           ,    1953.4000 ,      35.4000 ,      35.4000 ,             
Planck_Plik_lite   ,          ,     635.0 ,           ,    1937.7000 ,      34.1000 ,      34.1000 ,             
Planck_Plik_lite   ,          ,     644.0 ,           ,    1857.6000 ,      32.9000 ,      32.9000 ,             
Planck_Plik_lite   ,          ,     653.0 ,           ,    1848.9000 ,      32.1000 ,      32.1000 ,             
Planck_Plik_lite   ,          ,     662.0 ,           ,    1849.7000 ,      31.4000 ,      31.4000 ,             
Planck_Plik_lite   ,          ,     671.0 ,           ,    1814.8000 ,      31.0000 ,      31.0000 ,             
Planck_Plik_lite   ,          ,     680.0 ,           ,    1761.0000 ,      30.8000 ,      30.8000 ,             
Planck_Plik_lite   ,          ,     689.0 ,           ,    1822.5000 ,      30.9000 ,      30.9000 ,             
Planck_Plik_lite   ,          ,     698.0 ,           ,    1887.0000 ,      31.3000 ,      31.3000 ,             
Planck_Plik_lite   ,          ,     707.0 ,           ,    1891.3000 ,      31.8000 ,      31.8000 ,             
Planck_Plik_lite   ,          ,     716.0 ,           ,    1909.2000 ,      32.4000 ,      32.4000 ,             
Planck_Plik_lite   ,          ,     725.0 ,           ,    1996.2000 ,      33.3000 ,      33.3000 ,             
Planck_Plik_lite   ,          ,     734.0 ,           ,    2051.3000 ,      34.2000 ,      34.2000 ,             
Planck_Plik_lite   ,          ,     743.0 ,           ,    2181.3999 ,      35.1000 ,      35.1000 ,             
Planck_Plik_lite   ,          ,     752.0 ,           ,    2258.6001 ,      36.1000 ,      36.1000 ,             
Planck_Plik_lite   ,          ,     761.0 ,           ,    2344.8000 ,      37.0000 ,      37.0000 ,             
Planck_Plik_lite   ,          ,     770.0 ,           ,    2348.2000 ,      37.7000 ,      37.7000 ,             
Planck_Plik_lite   ,          ,     779.0 ,           ,    2351.7000 ,      38.4000 ,      38.4000 ,             
Planck_Plik_lite   ,          ,     788.0 ,           ,    2483.3000 ,      38.8000 ,      38.8000 ,             
Planck_Plik_lite   ,          ,     797.0 ,           ,    2469.0000 ,      39.1000 ,      39.1000 ,             
Planck_Plik_lite   ,          ,     806.0 ,           ,    2495.1001 ,      39.3000 ,      39.3000 ,             
Planck_Plik_lite   ,          ,     815.0 ,           ,    2552.3999 ,      39.1000 ,      39.1000 ,             
Planck_Plik_lite   ,          ,     824.0 ,           ,    2520.8000 ,      38.8000 ,      38.8000 ,             
Planck_Plik_lite   ,          ,     833.0 ,           ,    2494.2000 ,      38.3000 ,      38.3000 ,             
Planck_Plik_lite   ,          ,     842.0 ,           ,    2504.6001 ,      37.4000 ,      37.4000 ,             
Planck_Plik_lite   ,          ,     851.0 ,           ,    2385.8000 ,      36.4000 ,      36.4000 ,             
Planck_Plik_lite   ,          ,     860.0 ,           ,    2353.3000 ,      35.3000 ,      35.3000 ,             
Planck_Plik_lite   ,          ,     869.0 ,           ,    2234.2000 ,      33.9000 ,      33.9000 ,             
Planck_Plik_lite   ,          ,     878.0 ,           ,    2167.8999 ,      32.5000 ,      32.5000 ,             
Planck_Plik_lite   ,          ,     887.0 ,           ,    2075.7000 ,      30.9000 ,      30.9000 ,             
Planck_Plik_lite   ,          ,     896.0 ,           ,    1951.0000 ,      29.3000 ,      29.3000 ,             
Planck_Plik_lite   ,          ,     905.0 ,           ,    1842.7000 ,      27.7000 ,      27.7000 ,             
Planck_Plik_lite   ,          ,     914.0 ,           ,    1747.8000 ,      26.1000 ,      26.1000 ,             
Planck_Plik_lite   ,          ,     923.0 ,           ,    1619.5000 ,      24.6000 ,      24.6000 ,             
Planck_Plik_lite   ,          ,     932.0 ,           ,    1560.7000 ,      23.1000 ,      23.1000 ,             
Planck_Plik_lite   ,          ,     941.0 ,           ,    1437.1000 ,      21.7000 ,      21.7000 ,             
Planck_Plik_lite   ,          ,     950.0 ,           ,    1341.0000 ,      20.4000 ,      20.4000 ,             
Planck_Plik_lite   ,          ,     959.0 ,           ,    1285.2000 ,      19.3000 ,      19.3000 ,             
Planck_Plik_lite   ,          ,     968.0 ,           ,    1233.2000 ,      18.3000 ,      18.3000 ,             
Planck_Plik_lite   ,          ,     977.0 ,           ,    1128.8000 ,      17.6000 ,      17.6000 ,             
Planck_Plik_lite   ,          ,     986.0 ,           ,    1105.1000 ,      16.9000 ,      16.9000 ,             
Planck_Plik_lite   ,          ,     995.0 ,           ,    1087.3000 ,      16.4000 ,      16.4000 ,             
Planck_Plik_lite   ,          ,    1004.0 ,           ,    1025.1000 ,      16.1000 ,      16.1000 ,             
Planck_Plik_lite   ,          ,    1013.0 ,           ,    1078.9000 ,      16.0000 ,      16.0000 ,             
Planck_Plik_lite   ,          ,    1022.0 ,           ,    1031.7000 ,      15.9000 ,      15.9000 ,             
Planck_Plik_lite   ,          ,    1031.0 ,           ,    1043.5000 ,      15.9000 ,      15.9000 ,             
Planck_Plik_lite   ,          ,    1040.0 ,           ,    1056.3000 ,      16.1000 ,      16.1000 ,             
Planck_Plik_lite   ,          ,    1049.0 ,           ,    1080.3000 ,      16.3000 ,      16.3000 ,             
Planck_Plik_lite   ,          ,    1058.0 ,           ,    1129.6000 ,      16.5000 ,      16.5000 ,             
Planck_Plik_lite   ,          ,    1067.0 ,           ,    1122.2000 ,      16.8000 ,      16.8000 ,             
Planck_Plik_lite   ,          ,    1076.0 ,           ,    1153.7000 ,      17.1000 ,      17.1000 ,             
Planck_Plik_lite   ,          ,    1085.0 ,           ,    1217.2000 ,      17.4000 ,      17.4000 ,             
Planck_Plik_lite   ,          ,    1094.0 ,           ,    1216.8000 ,      17.6000 ,      17.6000 ,             
Planck_Plik_lite   ,          ,    1103.0 ,           ,    1210.0000 ,      17.7000 ,      17.7000 ,             
Planck_Plik_lite   ,          ,    1112.0 ,           ,    1214.1000 ,      17.9000 ,      17.9000 ,             
Planck_Plik_lite   ,          ,    1121.0 ,           ,    1247.1000 ,      17.9000 ,      17.9000 ,             
Planck_Plik_lite   ,          ,    1130.0 ,           ,    1235.5000 ,      17.9000 ,      17.9000 ,             
Planck_Plik_lite   ,          ,    1139.0 ,           ,    1214.7000 ,      17.8000 ,      17.8000 ,             
Planck_Plik_lite   ,          ,    1148.0 ,           ,    1213.1000 ,      17.6000 ,      17.6000 ,             
Planck_Plik_lite   ,          ,    1157.0 ,           ,    1220.4000 ,      17.3000 ,      17.3000 ,             
Planck_Plik_lite   ,          ,    1166.0 ,           ,    1160.3000 ,      17.0000 ,      17.0000 ,             
Planck_Plik_lite   ,          ,    1175.0 ,           ,    1142.0000 ,      16.7000 ,      16.7000 ,             
Planck_Plik_lite   ,          ,    1184.0 ,           ,    1134.0000 ,      16.2000 ,      16.2000 ,             
Planck_Plik_lite   ,          ,    1193.0 ,           ,    1085.3000 ,      15.7000 ,      15.7000 ,             
Planck_Plik_lite   ,          ,    1202.0 ,           ,    1005.6000 ,      15.5000 ,      15.5000 ,             
Planck_Plik_lite   ,          ,    1211.0 ,           ,     974.9000 ,      15.0000 ,      15.0000 ,             
Planck_Plik_lite   ,          ,    1220.0 ,           ,     969.8000 ,      14.5000 ,      14.5000 ,             
Planck_Plik_lite   ,          ,    1229.0 ,           ,     906.5000 ,      13.9000 ,      13.9000 ,             
Planck_Plik_lite   ,          ,    1238.0 ,           ,     895.9000 ,      13.5000 ,      13.5000 ,             
Planck_Plik_lite   ,          ,    1247.0 ,           ,     859.9000 ,      13.1000 ,      13.1000 ,             
Planck_Plik_lite   ,          ,    1256.0 ,           ,     807.3000 ,      12.7000 ,      12.7000 ,             
Planck_Plik_lite   ,          ,    1265.0 ,           ,     777.6000 ,      12.3000 ,      12.3000 ,             
Planck_Plik_lite   ,          ,    1274.0 ,           ,     771.2000 ,      12.1000 ,      12.1000 ,             
Planck_Plik_lite   ,          ,    1283.0 ,           ,     737.7000 ,      11.8000 ,      11.8000 ,             
Planck_Plik_lite   ,          ,    1292.0 ,           ,     757.6000 ,      11.7000 ,      11.7000 ,             
Planck_Plik_lite   ,          ,    1301.0 ,           ,     732.9000 ,      11.6000 ,      11.6000 ,             
Planck_Plik_lite   ,          ,    1310.0 ,           ,     711.9000 ,      11.6000 ,      11.6000 ,             
Planck_Plik_lite   ,          ,    1319.0 ,           ,     720.5000 ,      11.6000 ,      11.6000 ,             
Planck_Plik_lite   ,          ,    1328.0 ,           ,     724.1000 ,      11.6000 ,      11.6000 ,             
Planck_Plik_lite   ,          ,    1337.0 ,           ,     757.6000 ,      11.7000 ,      11.7000 ,             
Planck_Plik_lite   ,          ,    1346.0 ,           ,     737.3000 ,      11.9000 ,      11.9000 ,             
Planck_Plik_lite   ,          ,    1355.0 ,           ,     765.1000 ,      12.0000 ,      12.0000 ,             
Planck_Plik_lite   ,          ,    1364.0 ,           ,     777.6000 ,      12.1000 ,      12.1000 ,             
Planck_Plik_lite   ,          ,    1373.0 ,           ,     775.5000 ,      12.3000 ,      12.3000 ,             
Planck_Plik_lite   ,          ,    1382.0 ,           ,     774.2000 ,      12.5000 ,      12.5000 ,             
Planck_Plik_lite   ,          ,    1391.0 ,           ,     805.3000 ,      12.6000 ,      12.6000 ,             
Planck_Plik_lite   ,          ,    1400.0 ,           ,     830.6000 ,      12.7000 ,      12.7000 ,             
Planck_Plik_lite   ,          ,    1409.0 ,           ,     821.2000 ,      12.8000 ,      12.8000 ,             
Planck_Plik_lite   ,          ,    1418.0 ,           ,     818.9000 ,      12.8000 ,      12.8000 ,             
Planck_Plik_lite   ,          ,    1427.0 ,           ,     795.3000 ,      12.8000 ,      12.8000 ,             
Planck_Plik_lite   ,          ,    1436.0 ,           ,     801.6000 ,      12.8000 ,      12.8000 ,             
Planck_Plik_lite   ,          ,    1445.0 ,           ,     798.6000 ,      12.8000 ,      12.8000 ,             
Planck_Plik_lite   ,          ,    1454.0 ,           ,     771.8000 ,      12.7000 ,      12.7000 ,             
Planck_Plik_lite   ,          ,    1463.0 ,           ,     762.4000 ,      12.6000 ,      12.6000 ,             
Planck_Plik_lite   ,          ,    1472.0 ,           ,     751.4000 ,      12.4000 ,      12.4000 ,             
Planck_Plik_lite   ,          ,    1481.0 ,           ,     737.8000 ,      12.2000 ,      12.2000 ,             
Planck_Plik_lite   ,          ,    1490.0 ,           ,     726.4000 ,      12.0000 ,      12.0000 ,             
Planck_Plik_lite   ,          ,    1499.0 ,           ,     703.9000 ,      11.8000 ,      11.8000 ,             
Planck_Plik_lite   ,          ,    1512.0 ,           ,     655.2000 ,       9.2000 ,       9.2000 ,             
Planck_Plik_lite   ,          ,    1529.0 ,           ,     587.7000 ,       9.0000 ,       9.0000 ,             
Planck_Plik_lite   ,          ,    1546.0 ,           ,     548.2000 ,       8.8000 ,       8.8000 ,             
Planck_Plik_lite   ,          ,    1563.0 ,           ,     503.7000 ,       8.7000 ,       8.7000 ,             
Planck_Plik_lite   ,          ,    1580.0 ,           ,     468.2000 ,       8.6000 ,       8.6000 ,             
Planck_Plik_lite   ,          ,    1597.0 ,           ,     428.9000 ,       8.5000 ,       8.5000 ,             
Planck_Plik_lite   ,          ,    1614.0 ,           ,     407.5000 ,       8.6000 ,       8.6000 ,             
Planck_Plik_lite   ,          ,    1631.0 ,           ,     398.5000 ,       8.7000 ,       8.7000 ,             
Planck_Plik_lite   ,          ,    1648.0 ,           ,     389.9000 ,       8.8000 ,       8.8000 ,             
Planck_Plik_lite   ,          ,    1665.0 ,           ,     391.5000 ,       8.9000 ,       8.9000 ,             
Planck_Plik_lite   ,          ,    1682.0 ,           ,     383.8000 ,       9.1000 ,       9.1000 ,             
Planck_Plik_lite   ,          ,    1699.0 ,           ,     398.8000 ,       9.3000 ,       9.3000 ,             
Planck_Plik_lite   ,          ,    1716.0 ,           ,     395.2000 ,       9.4000 ,       9.4000 ,             
Planck_Plik_lite   ,          ,    1733.0 ,           ,     408.2000 ,       9.6000 ,       9.6000 ,             
Planck_Plik_lite   ,          ,    1750.0 ,           ,     377.2000 ,       9.8000 ,       9.8000 ,             
Planck_Plik_lite   ,          ,    1767.0 ,           ,     379.9000 ,       9.9000 ,       9.9000 ,             
Planck_Plik_lite   ,          ,    1784.0 ,           ,     374.3000 ,      10.0000 ,      10.0000 ,             
Planck_Plik_lite   ,          ,    1801.0 ,           ,     361.3000 ,      10.1000 ,      10.1000 ,             
Planck_Plik_lite   ,          ,    1818.0 ,           ,     341.6000 ,      10.2000 ,      10.2000 ,             
Planck_Plik_lite   ,          ,    1835.0 ,           ,     314.1000 ,      10.4000 ,      10.4000 ,             
Planck_Plik_lite   ,          ,    1852.0 ,           ,     305.8000 ,      10.5000 ,      10.5000 ,             
Planck_Plik_lite   ,          ,    1869.0 ,           ,     275.4000 ,      10.6000 ,      10.6000 ,             
Planck_Plik_lite   ,          ,    1886.0 ,           ,     267.6000 ,      10.8000 ,      10.8000 ,             
Planck_Plik_lite   ,          ,    1903.0 ,           ,     247.6000 ,      10.9000 ,      10.9000 ,             
Planck_Plik_lite   ,          ,    1920.0 ,           ,     255.3000 ,      11.2000 ,      11.2000 ,             
Planck_Plik_lite   ,          ,    1937.0 ,           ,     243.5000 ,      11.4000 ,      11.4000 ,             
Planck_Plik_lite   ,          ,    1954.0 ,           ,     233.2000 ,      11.6000 ,      11.6000 ,             
Planck_Plik_lite   ,          ,    1971.0 ,           ,     230.0000 ,      11.8000 ,      11.8000 ,             
Planck_Plik_lite   ,          ,    1988.0 ,           ,     225.3000 ,      12.1000 ,      12.1000 ,             
Planck_Plik_lite   ,          ,    2005.0 ,           ,     241.7000 ,      12.6000 ,      12.6000 ,             
Planck_Plik_lite   ,          ,    2030.0 ,           ,     233.4000 ,      11.8000 ,      11.8000 ,             
Planck_Plik_lite   ,          ,    2063.0 ,           ,     216.4000 ,      12.2000 ,      12.2000 ,             
Planck_Plik_lite   ,          ,    2096.0 ,           ,     206.4000 ,      12.7000 ,      12.7000 ,             
Planck_Plik_lite   ,          ,    2129.0 ,           ,     198.4000 ,      13.2000 ,      13.2000 ,             
Planck_Plik_lite   ,          ,    2162.0 ,           ,     169.4000 ,      13.7000 ,      13.7000 ,             
Planck_Plik_lite   ,          ,    2195.0 ,           ,     141.2000 ,      14.2000 ,      14.2000 ,             
Planck_Plik_lite   ,          ,    2228.0 ,           ,     132.3000 ,      14.8000 ,      14.8000 ,             
Planck_Plik_lite   ,          ,    2261.0 ,           ,     117.8000 ,      15.4000 ,      15.4000 ,             
Planck_Plik_lite   ,          ,    2294.0 ,           ,     117.3000 ,      16.1000 ,      16.1000 ,             
Planck_Plik_lite   ,          ,    2327.0 ,           ,     110.5000 ,      16.9000 ,      16.9000 ,             
Planck_Plik_lite   ,          ,    2360.0 ,           ,     114.9000 ,      17.7000 ,      17.7000 ,             
Planck_Plik_lite   ,          ,    2393.0 ,           ,     122.5000 ,      18.7000 ,      18.7000 ,             
Planck_Plik_lite   ,          ,    2426.0 ,           ,      83.8000 ,      19.6000 ,      19.6000 ,             
Planck_Plik_lite   ,          ,    2459.0 ,           ,      84.1000 ,      20.7000 ,      20.7000 ,             
Planck_Plik_lite   ,          ,    2492.0 ,           ,      75.9000 ,      21.8000 ,      21.8000 ,             
SPT                ,          ,     675.0 ,           ,    1781.7000 ,      75.8000 ,      75.8000 ,             
SPT                ,          ,     725.0 ,           ,    1935.0000 ,      83.8000 ,      83.8000 ,             
SPT                ,          ,     775.0 ,           ,    2421.3000 ,      92.7000 ,      92.7000 ,             
SPT                ,          ,     825.0 ,           ,    2571.6001 ,      95.8000 ,      95.8000 ,             
SPT                ,          ,     875.0 ,           ,    2156.8999 ,      78.2000 ,      78.2000 ,             
SPT                ,          ,     925.0 ,           ,    1582.4000 ,      56.9000 ,      56.9000 ,             
SPT                ,          ,     975.0 ,           ,    1137.7000 ,      42.2000 ,      42.2000 ,             
SPT                ,          ,    1025.0 ,           ,    1060.9000 ,      39.1000 ,      39.1000 ,             
SPT                ,          ,    1075.0 ,           ,    1208.3000 ,      42.8000 ,      42.8000 ,             
SPT                ,          ,    1125.0 ,           ,    1186.1000 ,      43.1000 ,      43.1000 ,             
SPT                ,          ,    1175.0 ,           ,    1132.9000 ,      42.5000 ,      42.5000 ,             
SPT                ,          ,    1225.0 ,           ,     916.0000 ,      33.8000 ,      33.8000 ,             
SPT                ,          ,    1275.0 ,           ,     762.6000 ,      27.3000 ,      27.3000 ,             
SPT                ,          ,    1325.0 ,           ,     713.6000 ,      26.3000 ,      26.3000 ,             
SPT                ,          ,    1375.0 ,           ,     744.8000 ,      26.3000 ,      26.3000 ,             
SPT                ,          ,    1425.0 ,           ,     837.1000 ,      28.6000 ,      28.6000 ,             
SPT                ,          ,    1475.0 ,           ,     708.0000 ,      24.0000 ,      24.0000 ,             
SPT                ,          ,    1525.0 ,           ,     613.9000 ,      20.6000 ,      20.6000 ,             
SPT                ,          ,    1575.0 ,           ,     456.6000 ,      16.5000 ,      16.5000 ,             
SPT                ,          ,    1625.0 ,           ,     383.7000 ,      13.6000 ,      13.6000 ,             
SPT                ,          ,    1675.0 ,           ,     378.4000 ,      13.1000 ,      13.1000 ,             
SPT                ,          ,    1725.0 ,           ,     383.8000 ,      13.2000 ,      13.2000 ,             
SPT                ,          ,    1775.0 ,           ,     377.5000 ,      13.1000 ,      13.1000 ,             
SPT                ,          ,    1825.0 ,           ,     323.1000 ,      11.6000 ,      11.6000 ,             
SPT                ,          ,    1875.0 ,           ,     262.0000 ,       9.7000 ,       9.7000 ,             
SPT                ,          ,    1925.0 ,           ,     223.7000 ,       8.5000 ,       8.5000 ,             
SPT                ,          ,    1975.0 ,           ,     227.7000 ,       8.8000 ,       8.8000 ,             
SPT                ,          ,    2025.0 ,           ,     230.3000 ,       9.0000 ,       9.0000 ,             
SPT                ,          ,    2075.0 ,           ,     214.0000 ,       8.5000 ,       8.5000 ,             
SPT                ,          ,    2125.0 ,           ,     177.8000 ,       7.4000 ,       7.4000 ,             
SPT                ,          ,    2175.0 ,           ,     153.6000 ,       6.6000 ,       6.6000 ,             
SPT                ,          ,    2225.0 ,           ,     123.2000 ,       5.7000 ,       5.7000 ,             
SPT                ,          ,    2275.0 ,           ,     117.1000 ,       5.6000 ,       5.6000 ,             
SPT                ,          ,    2325.0 ,           ,     109.9000 ,       5.4000 ,       5.4000 ,             
SPT                ,          ,    2375.0 ,           ,     106.0000 ,       5.5000 ,       5.5000 ,             
SPT                ,          ,    2425.0 ,           ,      96.5000 ,       5.1000 ,       5.1000 ,             
SPT                ,          ,    2475.0 ,           ,      80.9000 ,       4.9000 ,       4.9000 ,             
SPT                ,          ,    2525.0 ,           ,      76.3000 ,       4.9000 ,       4.9000 ,             
SPT                ,          ,    2575.0 ,           ,      62.4000 ,       4.5000 ,       4.5000 ,             
SPT                ,          ,    2625.0 ,           ,      64.3000 ,       4.6000 ,       4.6000 ,             
SPT                ,          ,    2675.0 ,           ,      61.9000 ,       4.6000 ,       4.6000 ,             
SPT                ,          ,    2725.0 ,           ,      53.8000 ,       4.6000 ,       4.6000 ,             
SPT                ,          ,    2775.0 ,           ,      48.6000 ,       4.6000 ,       4.6000 ,             
SPT                ,          ,    2825.0 ,           ,      39.2000 ,       4.4000 ,       4.4000 ,             
SPT                ,          ,    2875.0 ,           ,      33.4000 ,       4.4000 ,       4.4000 ,             
SPT                ,          ,    2925.0 ,           ,      32.8000 ,       4.5000 ,       4.5000 ,             
SPT                ,          ,    2975.0 ,           ,      31.1000 ,       4.6000 ,       4.6000 ,             
WMAP_2013     ,   ,    2   , ,   150.6398   ,    708.3154    ,   708.3154    ,  
WMAP_2013     ,   ,    3   , ,   902.1805   ,    565.3141    ,   565.3141    ,  
WMAP_2013     ,   ,    4   , ,   730.3626   ,    471.9324    ,   471.9324    ,  
WMAP_2013     ,   ,    5   , ,  1467.8517   ,    409.7481    ,   409.7481    ,  
WMAP_2013     ,   ,    6   , ,   688.5324   ,    366.8310    ,   366.8310    ,  
WMAP_2013     ,   ,    7   , ,  1272.9914   ,    336.2774    ,   336.2774    ,  
WMAP_2013     ,   ,    8   , ,   603.8108   ,    313.7279    ,   313.7279    ,  
WMAP_2013     ,   ,    9   , ,   605.5998   ,    296.6357    ,   296.6357    ,  
WMAP_2013     ,   ,   10   , ,   918.1212   ,    283.4338    ,   283.4338    ,  
WMAP_2013     ,   ,   11   , ,   972.2889   ,    272.9552    ,   272.9552    ,  
WMAP_2013     ,   ,   12   , ,   716.7145   ,    264.7720    ,   264.7720    ,  
WMAP_2013     ,   ,   13   , ,   878.0790   ,    258.0293    ,   258.0293    ,  
WMAP_2013     ,   ,   14   , ,   828.4221   ,    252.4174    ,   252.4174    ,  
WMAP_2013     ,   ,   15   , ,  1112.5057   ,    247.5395    ,   247.5395    ,  
WMAP_2013     ,   ,   16   , ,   730.5889   ,    243.9536    ,   243.9536    ,  
WMAP_2013     ,   ,   17   , ,  1014.1750   ,    240.7406    ,   240.7406    ,  
WMAP_2013     ,   ,   18   , ,   729.9205   ,    238.1254    ,   238.1254    ,  
WMAP_2013     ,   ,   19   , ,   868.0217   ,    236.2484    ,   236.2484    ,  
WMAP_2013     ,   ,   20   , ,   731.7402   ,    234.4936    ,   234.4936    ,  
WMAP_2013     ,   ,   21   , ,   648.8223   ,    233.0897    ,   233.0897    ,  
WMAP_2013     ,   ,   22   , ,   625.0736   ,    231.9384    ,   231.9384    ,  
WMAP_2013     ,   ,   23   , ,   755.7853   ,    230.9548    ,   230.9548    ,  
WMAP_2013     ,   ,   24   , ,   844.8535   ,    230.1961    ,   230.1961    ,  
WMAP_2013     ,   ,   25   , ,   749.2468   ,    229.6717    ,   229.6717    ,  
WMAP_2013     ,   ,   26   , ,   885.9176   ,    229.2413    ,   229.2413    ,  
WMAP_2013     ,   ,   27   , ,   942.7882   ,    229.0104    ,   229.0104    ,  
WMAP_2013     ,   ,   28   , ,  1209.2431   ,    228.9189    ,   228.9189    ,  
WMAP_2013     ,   ,   29   , ,  1160.6891   ,    228.9186    ,   228.9186    ,  
WMAP_2013     ,   ,   30   , ,   938.1419   ,    229.0862    ,   229.0862    ,  
WMAP_2013     ,   ,   31   , ,  1095.8896   ,    229.2682    ,   229.2682    ,  
WMAP_2013     ,   ,   32   , ,  1516.8735   ,    229.6210    ,   229.6210    ,  
WMAP_2013     ,   ,   33   , ,  1020.2872   ,    230.0375    ,   230.0375    ,  
WMAP_2013     ,   ,   34   , ,  1015.4604   ,    230.5063    ,   230.5063    ,  
WMAP_2013     ,   ,   35   , ,   897.4112   ,    231.1157    ,   231.1157    ,  
WMAP_2013     ,   ,   36   , ,  1025.1892   ,    231.6972    ,   231.6972    ,  
WMAP_2013     ,   ,   37   , ,  1386.7990   ,    232.3702    ,   232.3702    ,  
WMAP_2013     ,   ,   38   , ,  1349.7274   ,    233.1170    ,   233.1170    ,  
WMAP_2013     ,   ,   39   , ,  1420.2065   ,    233.9524    ,   233.9524    ,  
WMAP_2013     ,   ,   40   , ,  1909.9515   ,    234.8198    ,   234.8198    ,  
WMAP_2013     ,   ,   41   , ,  1206.7104   ,    235.7200    ,   235.7200    ,  
WMAP_2013     ,   ,   42   , ,  1455.2822   ,    236.6470    ,   236.6470    ,  
WMAP_2013     ,   ,   43   , ,  1327.3545   ,    237.6070    ,   237.6070    ,  
WMAP_2013     ,   ,   44   , ,  1292.2217   ,    238.5927    ,   238.5927    ,  
WMAP_2013     ,   ,   45   , ,  1117.7233   ,    239.6376    ,   239.6376    ,  
WMAP_2013     ,   ,   46   , ,  1035.5095   ,    240.7224    ,   240.7224    ,  
WMAP_2013     ,   ,   47   , ,  1644.5292   ,    241.8502    ,   241.8502    ,  
WMAP_2013     ,   ,   48   , ,   914.3522   ,    243.0000    ,   243.0000    ,  
WMAP_2013     ,   ,   49   , ,  1555.2567   ,    244.1906    ,   244.1906    ,  
WMAP_2013     ,   ,   50   , ,  1575.1228   ,    245.4142    ,   245.4142    ,  
WMAP_2013     ,   ,   51   , ,  1176.8585   ,    246.6745    ,   246.6745    ,  
WMAP_2013     ,   ,   52   , ,  1557.1862   ,    247.9800    ,   247.9800    ,  
WMAP_2013     ,   ,   53   , ,  1134.3741   ,    249.2997    ,   249.2997    ,  
WMAP_2013     ,   ,   54   , ,  1252.4326   ,    250.6408    ,   250.6408    ,  
WMAP_2013     ,   ,   55   , ,  1467.5354   ,    251.9857    ,   251.9857    ,  
WMAP_2013     ,   ,   56   , ,  1676.0629   ,    253.3672    ,   253.3672    ,  
WMAP_2013     ,   ,   57   , ,  1598.8917   ,    254.7958    ,   254.7958    ,  
WMAP_2013     ,   ,   58   , ,  1789.8887   ,    256.2588    ,   256.2588    ,  
WMAP_2013     ,   ,   59   , ,  1366.9397   ,    257.7557    ,   257.7557    ,  
WMAP_2013     ,   ,   60   , ,  1905.9812   ,    259.2625    ,   259.2625    ,  
WMAP_2013     ,   ,   61   , ,  1590.6790   ,    260.8036    ,   260.8036    ,  
WMAP_2013     ,   ,   62   , ,  2168.9714   ,    262.3593    ,   262.3593    ,  
WMAP_2013     ,   ,   63   , ,  1791.4490   ,    263.9342    ,   263.9342    ,  
WMAP_2013     ,   ,   64   , ,  1548.8033   ,    265.5331    ,   265.5331    ,  
WMAP_2013     ,   ,   65   , ,  1589.7109   ,    267.1603    ,   267.1603    ,  
WMAP_2013     ,   ,   66   , ,  1616.4797   ,    268.8287    ,   268.8287    ,  
WMAP_2013     ,   ,   67   , ,  1633.3380   ,    270.5178    ,   270.5178    ,  
WMAP_2013     ,   ,   68   , ,  1977.6631   ,    272.2272    ,   272.2272    ,  
WMAP_2013     ,   ,   69   , ,  2382.4131   ,    273.9565    ,   273.9565    ,  
WMAP_2013     ,   ,   70   , ,  1603.8628   ,    275.6945    ,   275.6945    ,  
WMAP_2013     ,   ,   71   , ,  1718.3727   ,    277.4345    ,   277.4345    ,  
WMAP_2013     ,   ,   72   , ,  1447.3859   ,    279.2090    ,   279.2090    ,  
WMAP_2013     ,   ,   73   , ,  2796.8291   ,    281.0110    ,   281.0110    ,  
WMAP_2013     ,   ,   74   , ,  2172.0691   ,    282.8552    ,   282.8552    ,  
WMAP_2013     ,   ,   75   , ,  2078.3823   ,    284.7450    ,   284.7450    ,  
WMAP_2013     ,   ,   76   , ,  1727.9230   ,    286.6585    ,   286.6585    ,  
WMAP_2013     ,   ,   77   , ,  1778.1305   ,    288.5882    ,   288.5882    ,  
WMAP_2013     ,   ,   78   , ,  1656.0239   ,    290.5327    ,   290.5327    ,  
WMAP_2013     ,   ,   79   , ,  1799.3439   ,    292.4905    ,   292.4905    ,  
WMAP_2013     ,   ,   80   , ,  2190.4910   ,    294.4603    ,   294.4603    ,  
WMAP_2013     ,   ,   81   , ,  2086.7888   ,    296.4638    ,   296.4638    ,  
WMAP_2013     ,   ,   82   , ,  2896.8918   ,    298.4805    ,   298.4805    ,  
WMAP_2013     ,   ,   83   , ,  2040.7607   ,    300.5233    ,   300.5233    ,  
WMAP_2013     ,   ,   84   , ,  1890.1868   ,    302.5847    ,   302.5847    ,  
WMAP_2013     ,   ,   85   , ,  2268.7698   ,    304.6575    ,   304.6575    ,  
WMAP_2013     ,   ,   86   , ,  2621.1748   ,    306.7537    ,   306.7537    ,  
WMAP_2013     ,   ,   87   , ,  2440.8008   ,    308.8641    ,   308.8641    ,  
WMAP_2013     ,   ,   88   , ,  1905.3622   ,    310.9791    ,   310.9791    ,  
WMAP_2013     ,   ,   89   , ,  2604.0527   ,    313.1088    ,   313.1088    ,  
WMAP_2013     ,   ,   90   , ,  2099.4607   ,    315.2534    ,   315.2534    ,  
WMAP_2013     ,   ,   91   , ,  2450.8091   ,    317.4035    ,   317.4035    ,  
WMAP_2013     ,   ,   92   , ,  2505.2031   ,    319.5783    ,   319.5783    ,  
WMAP_2013     ,   ,   93   , ,  2816.8608   ,    321.7585    ,   321.7585    ,  
WMAP_2013     ,   ,   94   , ,  2443.0762   ,    323.9535    ,   323.9535    ,  
WMAP_2013     ,   ,   95   , ,  2211.8906   ,    326.1632    ,   326.1632    ,  
WMAP_2013     ,   ,   96   , ,  2358.4727   ,    328.3782    ,   328.3782    ,  
WMAP_2013     ,   ,   97   , ,  2614.5454   ,    330.6171    ,   330.6171    ,  
WMAP_2013     ,   ,   98   , ,  1966.0112   ,    332.8703    ,   332.8703    ,  
WMAP_2013     ,   ,   99   , ,  2966.4709   ,    335.1287    ,   335.1287    ,  
WMAP_2013     ,   ,  100   , ,  2924.8508   ,    337.4105    ,   337.4105    ,  
WMAP_2013     ,   ,  101   , ,  2543.8469   ,    339.6972    ,   339.6972    ,  
WMAP_2013     ,   ,  102   , ,  2720.2131   ,    341.9981    ,   341.9981    ,  
WMAP_2013     ,   ,  103   , ,  2599.6890   ,    344.3129    ,   344.3129    ,  
WMAP_2013     ,   ,  104   , ,  3221.4587   ,    346.6327    ,   346.6327    ,  
WMAP_2013     ,   ,  105   , ,  2242.4265   ,    348.9662    ,   348.9662    ,  
WMAP_2013     ,   ,  106   , ,  2954.0625   ,    351.3047    ,   351.3047    ,  
WMAP_2013     ,   ,  107   , ,  3336.0925   ,    353.6479    ,   353.6479    ,  
WMAP_2013     ,   ,  108   , ,  3998.8875   ,    356.0050    ,   356.0050    ,  
WMAP_2013     ,   ,  109   , ,  2762.9573   ,    358.3669    ,   358.3669    ,  
WMAP_2013     ,   ,  110   , ,  3384.9514   ,    360.7337    ,   360.7337    ,  
WMAP_2013     ,   ,  111   , ,  3051.7939   ,    363.0967    ,   363.0967    ,  
WMAP_2013     ,   ,  112   , ,  2887.9824   ,    365.4645    ,   365.4645    ,  
WMAP_2013     ,   ,  113   , ,  2480.0417   ,    367.8459    ,   367.8459    ,  
WMAP_2013     ,   ,  114   , ,  2409.7405   ,    370.2148    ,   370.2148    ,  
WMAP_2013     ,   ,  115   , ,  3268.6541   ,    372.5969    ,   372.5969    ,  
WMAP_2013     ,   ,  116   , ,  3811.4221   ,    374.9666    ,   374.9666    ,  
WMAP_2013     ,   ,  117   , ,  4525.1748   ,    377.3410    ,   377.3410    ,  
WMAP_2013     ,   ,  118   , ,  3814.0127   ,    379.7200    ,   379.7200    ,  
WMAP_2013     ,   ,  119   , ,  3508.1113   ,    382.0867    ,   382.0867    ,  
WMAP_2013     ,   ,  120   , ,  2729.0261   ,    384.4579    ,   384.4579    ,  
WMAP_2013     ,   ,  121   , ,  4321.1660   ,    386.8170    ,   386.8170    ,  
WMAP_2013     ,   ,  122   , ,  3412.7195   ,    389.1724    ,   389.1724    ,  
WMAP_2013     ,   ,  123   , ,  3790.3740   ,    391.5241    ,   391.5241    ,  
WMAP_2013     ,   ,  124   , ,  2924.6956   ,    393.8722    ,   393.8722    ,  
WMAP_2013     ,   ,  125   , ,  3185.2681   ,    396.2084    ,   396.2084    ,  
WMAP_2013     ,   ,  126   , ,  3580.9934   ,    398.5412    ,   398.5412    ,  
WMAP_2013     ,   ,  127   , ,  3666.7271   ,    400.8623    ,   400.8623    ,  
WMAP_2013     ,   ,  128   , ,  3606.9521   ,    403.1718    ,   403.1718    ,  
WMAP_2013     ,   ,  129   , ,  3165.2322   ,    405.4699    ,   405.4699    ,  
WMAP_2013     ,   ,  130   , ,  4150.1636   ,    407.7567    ,   407.7567    ,  
WMAP_2013     ,   ,  131   , ,  3447.0515   ,    410.0322    ,   410.0322    ,  
WMAP_2013     ,   ,  132   , ,  3083.1873   ,    412.2967    ,   412.2967    ,  
WMAP_2013     ,   ,  133   , ,  3817.7319   ,    414.5425    ,   414.5425    ,  
WMAP_2013     ,   ,  134   , ,  3468.9634   ,    416.7779    ,   416.7779    ,  
WMAP_2013     ,   ,  135   , ,  4201.2715   ,    419.0030    ,   419.0030    ,  
WMAP_2013     ,   ,  136   , ,  4890.7632   ,    421.2022    ,   421.2022    ,  
WMAP_2013     ,   ,  137   , ,  3775.5205   ,    423.3840    ,   423.3840    ,  
WMAP_2013     ,   ,  138   , ,  4164.5327   ,    425.5563    ,   425.5563    ,  
WMAP_2013     ,   ,  139   , ,  4347.6631   ,    427.6960    ,   427.6960    ,  
WMAP_2013     ,   ,  140   , ,  3914.2166   ,    429.8269    ,   429.8269    ,  
WMAP_2013     ,   ,  141   , ,  4192.7090   ,    431.9337    ,   431.9337    ,  
WMAP_2013     ,   ,  142   , ,  4363.0615   ,    434.0166    ,   434.0166    ,  
WMAP_2013     ,   ,  143   , ,  4419.2988   ,    436.0839    ,   436.0839    ,  
WMAP_2013     ,   ,  144   , ,  3604.4880   ,    438.1205    ,   438.1205    ,  
WMAP_2013     ,   ,  145   , ,  5339.9785   ,    440.1342    ,   440.1342    ,  
WMAP_2013     ,   ,  146   , ,  4163.4360   ,    442.1257    ,   442.1257    ,  
WMAP_2013     ,   ,  147   , ,  4199.7925   ,    444.0874    ,   444.0874    ,  
WMAP_2013     ,   ,  148   , ,  3903.4314   ,    446.0199    ,   446.0199    ,  
WMAP_2013     ,   ,  149   , ,  3633.2964   ,    447.9312    ,   447.9312    ,  
WMAP_2013     ,   ,  150   , ,  4808.1904   ,    449.8140    ,   449.8140    ,  
WMAP_2013     ,   ,  151   , ,  3958.1355   ,    451.6685    ,   451.6685    ,  
WMAP_2013     ,   ,  152   , ,  4484.4058   ,    453.4878    ,   453.4878    ,  
WMAP_2013     ,   ,  153   , ,  5174.7725   ,    455.2868    ,   455.2868    ,  
WMAP_2013     ,   ,  154   , ,  4169.3042   ,    457.0585    ,   457.0585    ,  
WMAP_2013     ,   ,  155   , ,  4952.2485   ,    458.8029    ,   458.8029    ,  
WMAP_2013     ,   ,  156   , ,  4203.0552   ,    460.5129    ,   460.5129    ,  
WMAP_2013     ,   ,  157   , ,  4471.1460   ,    462.2036    ,   462.2036    ,  
WMAP_2013     ,   ,  158   , ,  5765.2358   ,    463.8676    ,   463.8676    ,  
WMAP_2013     ,   ,  159   , ,  4885.1802   ,    465.5053    ,   465.5053    ,  
WMAP_2013     ,   ,  160   , ,  4938.2744   ,    467.1168    ,   467.1168    ,  
WMAP_2013     ,   ,  161   , ,  4377.1118   ,    468.6950    ,   468.6950    ,  
WMAP_2013     ,   ,  162   , ,  4052.7625   ,    470.2475    ,   470.2475    ,  
WMAP_2013     ,   ,  163   , ,  4709.3882   ,    471.7744    ,   471.7744    ,  
WMAP_2013     ,   ,  164   , ,  5139.1499   ,    473.2616    ,   473.2616    ,  
WMAP_2013     ,   ,  165   , ,  4648.7793   ,    474.7236    ,   474.7236    ,  
WMAP_2013     ,   ,  166   , ,  4948.3403   ,    476.1463    ,   476.1463    ,  
WMAP_2013     ,   ,  167   , ,  5066.4209   ,    477.5444    ,   477.5444    ,  
WMAP_2013     ,   ,  168   , ,  5243.1558   ,    478.8966    ,   478.8966    ,  
WMAP_2013     ,   ,  169   , ,  4946.0791   ,    480.2246    ,   480.2246    ,  
WMAP_2013     ,   ,  170   , ,  4467.5044   ,    481.5073    ,   481.5073    ,  
WMAP_2013     ,   ,  171   , ,  5054.9238   ,    482.7592    ,   482.7592    ,  
WMAP_2013     ,   ,  172   , ,  4901.3516   ,    483.9664    ,   483.9664    ,  
WMAP_2013     ,   ,  173   , ,  5129.0752   ,    485.1362    ,   485.1362    ,  
WMAP_2013     ,   ,  174   , ,  5053.8418   ,    486.2690    ,   486.2690    ,  
WMAP_2013     ,   ,  175   , ,  4927.3008   ,    487.3650    ,   487.3650    ,  
WMAP_2013     ,   ,  176   , ,  5310.4492   ,    488.4105    ,   488.4105    ,  
WMAP_2013     ,   ,  177   , ,  4889.2148   ,    489.4199    ,   489.4199    ,  
WMAP_2013     ,   ,  178   , ,  4804.4229   ,    490.3866    ,   490.3866    ,  
WMAP_2013     ,   ,  179   , ,  6070.4478   ,    491.3040    ,   491.3040    ,  
WMAP_2013     ,   ,  180   , ,  5318.7593   ,    492.1864    ,   492.1864    ,  
WMAP_2013     ,   ,  181   , ,  4258.4141   ,    493.0203    ,   493.0203    ,  
WMAP_2013     ,   ,  182   , ,  4406.9990   ,    493.8130    ,   493.8130    ,  
WMAP_2013     ,   ,  183   , ,  4665.1104   ,    494.5580    ,   494.5580    ,  
WMAP_2013     ,   ,  184   , ,  5555.3799   ,    495.2625    ,   495.2625    ,  
WMAP_2013     ,   ,  185   , ,  5570.0400   ,    495.9270    ,   495.9270    ,  
WMAP_2013     ,   ,  186   , ,  5615.7773   ,    496.5381    ,   496.5381    ,  
WMAP_2013     ,   ,  187   , ,  5001.3354   ,    497.1098    ,   497.1098    ,  
WMAP_2013     ,   ,  188   , ,  6005.6304   ,    497.6425    ,   497.6425    ,  
WMAP_2013     ,   ,  189   , ,  6189.0991   ,    498.1230    ,   498.1230    ,  
WMAP_2013     ,   ,  190   , ,  6164.7241   ,    498.5652    ,   498.5652    ,  
WMAP_2013     ,   ,  191   , ,  5392.3564   ,    498.9560    ,   498.9560    ,  
WMAP_2013     ,   ,  192   , ,  5697.6543   ,    499.3092    ,   499.3092    ,  
WMAP_2013     ,   ,  193   , ,  6105.7490   ,    499.6117    ,   499.6117    ,  
WMAP_2013     ,   ,  194   , ,  5102.0293   ,    499.8772    ,   499.8772    ,  
WMAP_2013     ,   ,  195   , ,  4545.5459   ,    500.0928    ,   500.0928    ,  
WMAP_2013     ,   ,  196   , ,  5287.7051   ,    500.2655    ,   500.2655    ,  
WMAP_2013     ,   ,  197   , ,  5737.7993   ,    500.3955    ,   500.3955    ,  
WMAP_2013     ,   ,  198   , ,  6151.8813   ,    500.4833    ,   500.4833    ,  
WMAP_2013     ,   ,  199   , ,  5147.4673   ,    500.5292    ,   500.5292    ,  
WMAP_2013     ,   ,  200   , ,  5496.0459   ,    500.5269    ,   500.5269    ,  
WMAP_2013     ,   ,  201   , ,  5281.0322   ,    500.4833    ,   500.4833    ,  
WMAP_2013     ,   ,  202   , ,  5979.9434   ,    500.3922    ,   500.3922    ,  
WMAP_2013     ,   ,  203   , ,  6082.6826   ,    500.2539    ,   500.2539    ,  
WMAP_2013     ,   ,  204   , ,  6271.7988   ,    500.0688    ,   500.0688    ,  
WMAP_2013     ,   ,  205   , ,  5776.6455   ,    499.8371    ,   499.8371    ,  
WMAP_2013     ,   ,  206   , ,  5170.5469   ,    499.5593    ,   499.5593    ,  
WMAP_2013     ,   ,  207   , ,  5194.6138   ,    499.2355    ,   499.2355    ,  
WMAP_2013     ,   ,  208   , ,  5098.0552   ,    498.8596    ,   498.8596    ,  
WMAP_2013     ,   ,  209   , ,  4825.1479   ,    498.4321    ,   498.4321    ,  
WMAP_2013     ,   ,  210   , ,  6167.0425   ,    497.9660    ,   497.9660    ,  
WMAP_2013     ,   ,  211   , ,  5698.5942   ,    497.4489    ,   497.4489    ,  
WMAP_2013     ,   ,  212   , ,  5665.0674   ,    496.8874    ,   496.8874    ,  
WMAP_2013     ,   ,  213   , ,  5905.9917   ,    496.2817    ,   496.2817    ,  
WMAP_2013     ,   ,  214   , ,  5310.0068   ,    495.6259    ,   495.6259    ,  
WMAP_2013     ,   ,  215   , ,  6641.1401   ,    494.9266    ,   494.9266    ,  
WMAP_2013     ,   ,  216   , ,  5680.7964   ,    494.1839    ,   494.1839    ,  
WMAP_2013     ,   ,  217   , ,  5504.0088   ,    493.3984    ,   493.3984    ,  
WMAP_2013     ,   ,  218   , ,  6046.3525   ,    492.5638    ,   492.5638    ,  
WMAP_2013     ,   ,  219   , ,  5328.9072   ,    491.6867    ,   491.6867    ,  
WMAP_2013     ,   ,  220   , ,  6371.5835   ,    490.7612    ,   490.7612    ,  
WMAP_2013     ,   ,  221   , ,  5928.8853   ,    489.7938    ,   489.7938    ,  
WMAP_2013     ,   ,  222   , ,  6154.8589   ,    488.7785    ,   488.7785    ,  
WMAP_2013     ,   ,  223   , ,  5915.8833   ,    487.7155    ,   487.7155    ,  
WMAP_2013     ,   ,  224   , ,  5747.5571   ,    486.6114    ,   486.6114    ,  
WMAP_2013     ,   ,  225   , ,  5361.2681   ,    485.4602    ,   485.4602    ,  
WMAP_2013     ,   ,  226   , ,  5898.5264   ,    484.2683    ,   484.2683    ,  
WMAP_2013     ,   ,  227   , ,  6048.2891   ,    483.0298    ,   483.0298    ,  
WMAP_2013     ,   ,  228   , ,  4800.3794   ,    481.7511    ,   481.7511    ,  
WMAP_2013     ,   ,  229   , ,  5121.4668   ,    480.4325    ,   480.4325    ,  
WMAP_2013     ,   ,  230   , ,  5443.4077   ,    479.0679    ,   479.0679    ,  
WMAP_2013     ,   ,  231   , ,  5704.3267   ,    477.6578    ,   477.6578    ,  
WMAP_2013     ,   ,  232   , ,  6537.8765   ,    476.2145    ,   476.2145    ,  
WMAP_2013     ,   ,  233   , ,  6200.2437   ,    474.7260    ,   474.7260    ,  
WMAP_2013     ,   ,  234   , ,  5089.4365   ,    473.1926    ,   473.1926    ,  
WMAP_2013     ,   ,  235   , ,  6105.6758   ,    471.6265    ,   471.6265    ,  
WMAP_2013     ,   ,  236   , ,  6194.4033   ,    470.0160    ,   470.0160    ,  
WMAP_2013     ,   ,  237   , ,  5097.9868   ,    468.3732    ,   468.3732    ,  
WMAP_2013     ,   ,  238   , ,  5786.3975   ,    466.6864    ,   466.6864    ,  
WMAP_2013     ,   ,  239   , ,  5423.4517   ,    464.9617    ,   464.9617    ,  
WMAP_2013     ,   ,  240   , ,  6364.6494   ,    463.1993    ,   463.1993    ,  
WMAP_2013     ,   ,  241   , ,  5834.6987   ,    461.4054    ,   461.4054    ,  
WMAP_2013     ,   ,  242   , ,  5376.7695   ,    459.5681    ,   459.5681    ,  
WMAP_2013     ,   ,  243   , ,  5635.2227   ,    457.6997    ,   457.6997    ,  
WMAP_2013     ,   ,  244   , ,  5116.2329   ,    455.7942    ,   455.7942    ,  
WMAP_2013     ,   ,  245   , ,  6446.2573   ,    453.8519    ,   453.8519    ,  
WMAP_2013     ,   ,  246   , ,  5499.9365   ,    451.8790    ,   451.8790    ,  
WMAP_2013     ,   ,  247   , ,  5980.4961   ,    449.8694    ,   449.8694    ,  
WMAP_2013     ,   ,  248   , ,  5894.1494   ,    447.8294    ,   447.8294    ,  
WMAP_2013     ,   ,  249   , ,  4602.6543   ,    445.7591    ,   445.7591    ,  
WMAP_2013     ,   ,  250   , ,  5464.8325   ,    443.6587    ,   443.6587    ,  
WMAP_2013     ,   ,  251   , ,  5169.2607   ,    441.5223    ,   441.5223    ,  
WMAP_2013     ,   ,  252   , ,  6055.6221   ,    439.3560    ,   439.3560    ,  
WMAP_2013     ,   ,  253   , ,  4873.3340   ,    437.1658    ,   437.1658    ,  
WMAP_2013     ,   ,  254   , ,  4790.7690   ,    434.9403    ,   434.9403    ,  
WMAP_2013     ,   ,  255   , ,  5343.2949   ,    432.6853    ,   432.6853    ,  
WMAP_2013     ,   ,  256   , ,  6321.0864   ,    430.4011    ,   430.4011    ,  
WMAP_2013     ,   ,  257   , ,  5523.2559   ,    428.0936    ,   428.0936    ,  
WMAP_2013     ,   ,  258   , ,  5396.1733   ,    425.7571    ,   425.7571    ,  
WMAP_2013     ,   ,  259   , ,  4705.9688   ,    423.3919    ,   423.3919    ,  
WMAP_2013     ,   ,  260   , ,  5476.7031   ,    421.0095    ,   421.0095    ,  
WMAP_2013     ,   ,  261   , ,  5109.2808   ,    418.5986    ,   418.5986    ,  
WMAP_2013     ,   ,  262   , ,  5672.8506   ,    416.1650    ,   416.1650    ,  
WMAP_2013     ,   ,  263   , ,  5601.0635   ,    413.7146    ,   413.7146    ,  
WMAP_2013     ,   ,  264   , ,  4698.4604   ,    411.2416    ,   411.2416    ,  
WMAP_2013     ,   ,  265   , ,  4231.4922   ,    408.7464    ,   408.7464    ,  
WMAP_2013     ,   ,  266   , ,  5745.9243   ,    406.2346    ,   406.2346    ,  
WMAP_2013     ,   ,  267   , ,  5032.5229   ,    403.7006    ,   403.7006    ,  
WMAP_2013     ,   ,  268   , ,  5563.9971   ,    401.1502    ,   401.1502    ,  
WMAP_2013     ,   ,  269   , ,  4777.7788   ,    398.5835    ,   398.5835    ,  
WMAP_2013     ,   ,  270   , ,  4536.8438   ,    395.9948    ,   395.9948    ,  
WMAP_2013     ,   ,  271   , ,  5340.2505   ,    393.3899    ,   393.3899    ,  
WMAP_2013     ,   ,  272   , ,  6199.7271   ,    390.7746    ,   390.7746    ,  
WMAP_2013     ,   ,  273   , ,  4984.1548   ,    388.1432    ,   388.1432    ,  
WMAP_2013     ,   ,  274   , ,  5285.9165   ,    385.4958    ,   385.4958    ,  
WMAP_2013     ,   ,  275   , ,  4290.7500   ,    382.8324    ,   382.8324    ,  
WMAP_2013     ,   ,  276   , ,  4189.0498   ,    380.1643    ,   380.1643    ,  
WMAP_2013     ,   ,  277   , ,  5256.2817   ,    377.4747    ,   377.4747    ,  
WMAP_2013     ,   ,  278   , ,  4921.2451   ,    374.7805    ,   374.7805    ,  
WMAP_2013     ,   ,  279   , ,  5167.1816   ,    372.0759    ,   372.0759    ,  
WMAP_2013     ,   ,  280   , ,  4376.5308   ,    369.3613    ,   369.3613    ,  
WMAP_2013     ,   ,  281   , ,  4394.8496   ,    366.6420    ,   366.6420    ,  
WMAP_2013     ,   ,  282   , ,  4949.9429   ,    363.9070    ,   363.9070    ,  
WMAP_2013     ,   ,  283   , ,  5300.9971   ,    361.1730    ,   361.1730    ,  
WMAP_2013     ,   ,  284   , ,  4563.2910   ,    358.4287    ,   358.4287    ,  
WMAP_2013     ,   ,  285   , ,  4169.6714   ,    355.6800    ,   355.6800    ,  
WMAP_2013     ,   ,  286   , ,  4607.9463   ,    352.9211    ,   352.9211    ,  
WMAP_2013     ,   ,  287   , ,  4502.3975   ,    350.1631    ,   350.1631    ,  
WMAP_2013     ,   ,  288   , ,  4218.4072   ,    347.4005    ,   347.4005    ,  
WMAP_2013     ,   ,  289   , ,  4985.3892   ,    344.6387    ,   344.6387    ,  
WMAP_2013     ,   ,  290   , ,  4687.3848   ,    341.8723    ,   341.8723    ,  
WMAP_2013     ,   ,  291   , ,  3393.5139   ,    339.1067    ,   339.1067    ,  
WMAP_2013     ,   ,  292   , ,  4405.9893   ,    336.3363    ,   336.3363    ,  
WMAP_2013     ,   ,  293   , ,  4659.4546   ,    333.5722    ,   333.5722    ,  
WMAP_2013     ,   ,  294   , ,  4233.2656   ,    330.8032    ,   330.8032    ,  
WMAP_2013     ,   ,  295   , ,  4343.7852   ,    328.0404    ,   328.0404    ,  
WMAP_2013     ,   ,  296   , ,  4414.4067   ,    325.2782    ,   325.2782    ,  
WMAP_2013     ,   ,  297   , ,  4203.0752   ,    322.5165    ,   322.5165    ,  
WMAP_2013     ,   ,  298   , ,  4163.0894   ,    319.7554    ,   319.7554    ,  
WMAP_2013     ,   ,  299   , ,  4041.4312   ,    317.0056    ,   317.0056    ,  
WMAP_2013     ,   ,  300   , ,  4687.4883   ,    314.2562    ,   314.2562    ,  
WMAP_2013     ,   ,  301   , ,  3591.1367   ,    311.5126    ,   311.5126    ,  
WMAP_2013     ,   ,  302   , ,  4441.2686   ,    308.7747    ,   308.7747    ,  
WMAP_2013     ,   ,  303   , ,  3541.5095   ,    306.0477    ,   306.0477    ,  
WMAP_2013     ,   ,  304   , ,  4021.0166   ,    303.3262    ,   303.3262    ,  
WMAP_2013     ,   ,  305   , ,  4093.2026   ,    300.6154    ,   300.6154    ,  
WMAP_2013     ,   ,  306   , ,  3633.9001   ,    297.9101    ,   297.9101    ,  
WMAP_2013     ,   ,  307   , ,  3560.9241   ,    295.2151    ,   295.2151    ,  
WMAP_2013     ,   ,  308   , ,  3994.9617   ,    292.5306    ,   292.5306    ,  
WMAP_2013     ,   ,  309   , ,  3918.2583   ,    289.8618    ,   289.8618    ,  
WMAP_2013     ,   ,  310   , ,  3935.5728   ,    287.1979    ,   287.1979    ,  
WMAP_2013     ,   ,  311   , ,  3731.5225   ,    284.5493    ,   284.5493    ,  
WMAP_2013     ,   ,  312   , ,  3557.8562   ,    281.9162    ,   281.9162    ,  
WMAP_2013     ,   ,  313   , ,  3500.8521   ,    279.2930    ,   279.2930    ,  
WMAP_2013     ,   ,  314   , ,  3012.5754   ,    276.6849    ,   276.6849    ,  
WMAP_2013     ,   ,  315   , ,  3574.5437   ,    274.0865    ,   274.0865    ,  
WMAP_2013     ,   ,  316   , ,  3806.6292   ,    271.5083    ,   271.5083    ,  
WMAP_2013     ,   ,  317   , ,  3273.0305   ,    268.9448    ,   268.9448    ,  
WMAP_2013     ,   ,  318   , ,  3170.3625   ,    266.4012    ,   266.4012    ,  
WMAP_2013     ,   ,  319   , ,  3652.1138   ,    263.8721    ,   263.8721    ,  
WMAP_2013     ,   ,  320   , ,  3773.4641   ,    261.3574    ,   261.3574    ,  
WMAP_2013     ,   ,  321   , ,  2727.0396   ,    258.8624    ,   258.8624    ,  
WMAP_2013     ,   ,  322   , ,  3593.2048   ,    256.3867    ,   256.3867    ,  
WMAP_2013     ,   ,  323   , ,  3321.0181   ,    253.9304    ,   253.9304    ,  
WMAP_2013     ,   ,  324   , ,  3329.4407   ,    251.4933    ,   251.4933    ,  
WMAP_2013     ,   ,  325   , ,  3356.6064   ,    249.0805    ,   249.0805    ,  
WMAP_2013     ,   ,  326   , ,  3715.1785   ,    246.6813    ,   246.6813    ,  
WMAP_2013     ,   ,  327   , ,  3248.8220   ,    244.3063    ,   244.3063    ,  
WMAP_2013     ,   ,  328   , ,  3175.0566   ,    241.9552    ,   241.9552    ,  
WMAP_2013     ,   ,  329   , ,  3220.1853   ,    239.6229    ,   239.6229    ,  
WMAP_2013     ,   ,  330   , ,  3149.0635   ,    237.3142    ,   237.3142    ,  
WMAP_2013     ,   ,  331   , ,  3418.1870   ,    235.0293    ,   235.0293    ,  
WMAP_2013     ,   ,  332   , ,  2752.8555   ,    232.7678    ,   232.7678    ,  
WMAP_2013     ,   ,  333   , ,  2546.0930   ,    230.5296    ,   230.5296    ,  
WMAP_2013     ,   ,  334   , ,  2792.4353   ,    228.3201    ,   228.3201    ,  
WMAP_2013     ,   ,  335   , ,  2997.3582   ,    226.1336    ,   226.1336    ,  
WMAP_2013     ,   ,  336   , ,  3149.2229   ,    223.9704    ,   223.9704    ,  
WMAP_2013     ,   ,  337   , ,  2890.2600   ,    221.8352    ,   221.8352    ,  
WMAP_2013     ,   ,  338   , ,  3061.3735   ,    219.7229    ,   219.7229    ,  
WMAP_2013     ,   ,  339   , ,  2604.2595   ,    217.6437    ,   217.6437    ,  
WMAP_2013     ,   ,  340   , ,  3261.8052   ,    215.5870    ,   215.5870    ,  
WMAP_2013     ,   ,  341   , ,  2745.3716   ,    213.5579    ,   213.5579    ,  
WMAP_2013     ,   ,  342   , ,  2810.5596   ,    211.5565    ,   211.5565    ,  
WMAP_2013     ,   ,  343   , ,  2682.0645   ,    209.5877    ,   209.5877    ,  
WMAP_2013     ,   ,  344   , ,  2579.9727   ,    207.6463    ,   207.6463    ,  
WMAP_2013     ,   ,  345   , ,  2489.8909   ,    205.7269    ,   205.7269    ,  
WMAP_2013     ,   ,  346   , ,  2530.8718   ,    203.8450    ,   203.8450    ,  
WMAP_2013     ,   ,  347   , ,  2312.0444   ,    201.9849    ,   201.9849    ,  
WMAP_2013     ,   ,  348   , ,  2292.5562   ,    200.1569    ,   200.1569    ,  
WMAP_2013     ,   ,  349   , ,  2440.5879   ,    198.3608    ,   198.3608    ,  
WMAP_2013     ,   ,  350   , ,  2458.0496   ,    196.5914    ,   196.5914    ,  
WMAP_2013     ,   ,  351   , ,  2697.6418   ,    194.8590    ,   194.8590    ,  
WMAP_2013     ,   ,  352   , ,  2442.0029   ,    193.1530    ,   193.1530    ,  
WMAP_2013     ,   ,  353   , ,  2747.3452   ,    191.4784    ,   191.4784    ,  
WMAP_2013     ,   ,  354   , ,  2598.9851   ,    189.8350    ,   189.8350    ,  
WMAP_2013     ,   ,  355   , ,  2346.5117   ,    188.2229    ,   188.2229    ,  
WMAP_2013     ,   ,  356   , ,  2283.6106   ,    186.6468    ,   186.6468    ,  
WMAP_2013     ,   ,  357   , ,  2254.9932   ,    185.1014    ,   185.1014    ,  
WMAP_2013     ,   ,  358   , ,  2347.3157   ,    183.5865    ,   183.5865    ,  
WMAP_2013     ,   ,  359   , ,  2066.9331   ,    182.1022    ,   182.1022    ,  
WMAP_2013     ,   ,  360   , ,  2289.0928   ,    180.6536    ,   180.6536    ,  
WMAP_2013     ,   ,  361   , ,  2495.1670   ,    179.2349    ,   179.2349    ,  
WMAP_2013     ,   ,  362   , ,  2269.7722   ,    177.8512    ,   177.8512    ,  
WMAP_2013     ,   ,  363   , ,  2326.7915   ,    176.4976    ,   176.4976    ,  
WMAP_2013     ,   ,  364   , ,  2481.5161   ,    175.1787    ,   175.1787    ,  
WMAP_2013     ,   ,  365   , ,  1862.5752   ,    173.8895    ,   173.8895    ,  
WMAP_2013     ,   ,  366   , ,  1847.3583   ,    172.6345    ,   172.6345    ,  
WMAP_2013     ,   ,  367   , ,  2124.3936   ,    171.4143    ,   171.4143    ,  
WMAP_2013     ,   ,  368   , ,  1981.1639   ,    170.2232    ,   170.2232    ,  
WMAP_2013     ,   ,  369   , ,  2255.8733   ,    169.0715    ,   169.0715    ,  
WMAP_2013     ,   ,  370   , ,  1999.2998   ,    167.9486    ,   167.9486    ,  
WMAP_2013     ,   ,  371   , ,  2250.1089   ,    166.8601    ,   166.8601    ,  
WMAP_2013     ,   ,  372   , ,  2104.7302   ,    165.7998    ,   165.7998    ,  
WMAP_2013     ,   ,  373   , ,  2299.1841   ,    164.7784    ,   164.7784    ,  
WMAP_2013     ,   ,  374   , ,  1932.3984   ,    163.7905    ,   163.7905    ,  
WMAP_2013     ,   ,  375   , ,  2113.2681   ,    162.8309    ,   162.8309    ,  
WMAP_2013     ,   ,  376   , ,  2135.8887   ,    161.9049    ,   161.9049    ,  
WMAP_2013     ,   ,  377   , ,  1848.3878   ,    161.0167    ,   161.0167    ,  
WMAP_2013     ,   ,  378   , ,  2147.3816   ,    160.1566    ,   160.1566    ,  
WMAP_2013     ,   ,  379   , ,  2347.2729   ,    159.3296    ,   159.3296    ,  
WMAP_2013     ,   ,  380   , ,  1821.4569   ,    158.5405    ,   158.5405    ,  
WMAP_2013     ,   ,  381   , ,  1863.4640   ,    157.7792    ,   157.7792    ,  
WMAP_2013     ,   ,  382   , ,  1733.0779   ,    157.0505    ,   157.0505    ,  
WMAP_2013     ,   ,  383   , ,  1960.3090   ,    156.3543    ,   156.3543    ,  
WMAP_2013     ,   ,  384   , ,  2026.9243   ,    155.6957    ,   155.6957    ,  
WMAP_2013     ,   ,  385   , ,  1653.8799   ,    155.0643    ,   155.0643    ,  
WMAP_2013     ,   ,  386   , ,  1670.0909   ,    154.4648    ,   154.4648    ,  
WMAP_2013     ,   ,  387   , ,  2139.1819   ,    153.8973    ,   153.8973    ,  
WMAP_2013     ,   ,  388   , ,  1756.9095   ,    153.3620    ,   153.3620    ,  
WMAP_2013     ,   ,  389   , ,  1653.9946   ,    152.8582    ,   152.8582    ,  
WMAP_2013     ,   ,  390   , ,  1947.4109   ,    152.3863    ,   152.3863    ,  
WMAP_2013     ,   ,  391   , ,  1744.4850   ,    151.9458    ,   151.9458    ,  
WMAP_2013     ,   ,  392   , ,  1757.9115   ,    151.5321    ,   151.5321    ,  
WMAP_2013     ,   ,  393   , ,  1767.3104   ,    151.1546    ,   151.1546    ,  
WMAP_2013     ,   ,  394   , ,  2019.1433   ,    150.8035    ,   150.8035    ,  
WMAP_2013     ,   ,  395   , ,  1875.6929   ,    150.4830    ,   150.4830    ,  
WMAP_2013     ,   ,  396   , ,  1609.4277   ,    150.1935    ,   150.1935    ,  
WMAP_2013     ,   ,  397   , ,  1522.5415   ,    149.9298    ,   149.9298    ,  
WMAP_2013     ,   ,  398   , ,  1728.8591   ,    149.6970    ,   149.6970    ,  
WMAP_2013     ,   ,  399   , ,  1761.4371   ,    149.4949    ,   149.4949    ,  
WMAP_2013     ,   ,  400   , ,  1730.0482   ,    149.3186    ,   149.3186    ,  
WMAP_2013     ,   ,  401   , ,  1883.5179   ,    149.1723    ,   149.1723    ,  
WMAP_2013     ,   ,  402   , ,  1735.0419   ,    149.0562    ,   149.0562    ,  
WMAP_2013     ,   ,  403   , ,  1643.0560   ,    148.9658    ,   148.9658    ,  
WMAP_2013     ,   ,  404   , ,  1756.6888   ,    148.9009    ,   148.9009    ,  
WMAP_2013     ,   ,  405   , ,  1732.9695   ,    148.8659    ,   148.8659    ,  
WMAP_2013     ,   ,  406   , ,  1887.9271   ,    148.8563    ,   148.8563    ,  
WMAP_2013     ,   ,  407   , ,  1914.2020   ,    148.8771    ,   148.8771    ,  
WMAP_2013     ,   ,  408   , ,  1629.7875   ,    148.9234    ,   148.9234    ,  
WMAP_2013     ,   ,  409   , ,  1750.8655   ,    148.9945    ,   148.9945    ,  
WMAP_2013     ,   ,  410   , ,  1602.9044   ,    149.0909    ,   149.0909    ,  
WMAP_2013     ,   ,  411   , ,  1829.3965   ,    149.2123    ,   149.2123    ,  
WMAP_2013     ,   ,  412   , ,  1667.6289   ,    149.3586    ,   149.3586    ,  
WMAP_2013     ,   ,  413   , ,  1605.0358   ,    149.5300    ,   149.5300    ,  
WMAP_2013     ,   ,  414   , ,  1659.7629   ,    149.7220    ,   149.7220    ,  
WMAP_2013     ,   ,  415   , ,  1778.4890   ,    149.9436    ,   149.9436    ,  
WMAP_2013     ,   ,  416   , ,  1735.3766   ,    150.1853    ,   150.1853    ,  
WMAP_2013     ,   ,  417   , ,  1511.7946   ,    150.4517    ,   150.4517    ,  
WMAP_2013     ,   ,  418   , ,  1691.9928   ,    150.7379    ,   150.7379    ,  
WMAP_2013     ,   ,  419   , ,  1736.4478   ,    151.0495    ,   151.0495    ,  
WMAP_2013     ,   ,  420   , ,  1754.3763   ,    151.3862    ,   151.3862    ,  
WMAP_2013     ,   ,  421   , ,  1576.9458   ,    151.7422    ,   151.7422    ,  
WMAP_2013     ,   ,  422   , ,  1872.2006   ,    152.1181    ,   152.1181    ,  
WMAP_2013     ,   ,  423   , ,  1888.8521   ,    152.5142    ,   152.5142    ,  
WMAP_2013     ,   ,  424   , ,  1856.0660   ,    152.9297    ,   152.9297    ,  
WMAP_2013     ,   ,  425   , ,  1663.2856   ,    153.3698    ,   153.3698    ,  
WMAP_2013     ,   ,  426   , ,  1633.9048   ,    153.8303    ,   153.8303    ,  
WMAP_2013     ,   ,  427   , ,  1588.4601   ,    154.3056    ,   154.3056    ,  
WMAP_2013     ,   ,  428   , ,  1612.7854   ,    154.8006    ,   154.8006    ,  
WMAP_2013     ,   ,  429   , ,  2162.9717   ,    155.3153    ,   155.3153    ,  
WMAP_2013     ,   ,  430   , ,  1549.4421   ,    155.8503    ,   155.8503    ,  
WMAP_2013     ,   ,  431   , ,  1567.7155   ,    156.4002    ,   156.4002    ,  
WMAP_2013     ,   ,  432   , ,  1924.8347   ,    156.9651    ,   156.9651    ,  
WMAP_2013     ,   ,  433   , ,  1819.0277   ,    157.5497    ,   157.5497    ,  
WMAP_2013     ,   ,  434   , ,  2099.9153   ,    158.1486    ,   158.1486    ,  
WMAP_2013     ,   ,  435   , ,  1711.9264   ,    158.7632    ,   158.7632    ,  
WMAP_2013     ,   ,  436   , ,  1530.9801   ,    159.3936    ,   159.3936    ,  
WMAP_2013     ,   ,  437   , ,  2094.6824   ,    160.0429    ,   160.0429    ,  
WMAP_2013     ,   ,  438   , ,  1866.4464   ,    160.7027    ,   160.7027    ,  
WMAP_2013     ,   ,  439   , ,  1578.5482   ,    161.3819    ,   161.3819    ,  
WMAP_2013     ,   ,  440   , ,  1780.1390   ,    162.0716    ,   162.0716    ,  
WMAP_2013     ,   ,  441   , ,  1881.7209   ,    162.7759    ,   162.7759    ,  
WMAP_2013     ,   ,  442   , ,  2178.0193   ,    163.4909    ,   163.4909    ,  
WMAP_2013     ,   ,  443   , ,  1699.5951   ,    164.2212    ,   164.2212    ,  
WMAP_2013     ,   ,  444   , ,  1667.4966   ,    164.9615    ,   164.9615    ,  
WMAP_2013     ,   ,  445   , ,  1828.0623   ,    165.7167    ,   165.7167    ,  
WMAP_2013     ,   ,  446   , ,  1748.3585   ,    166.4777    ,   166.4777    ,  
WMAP_2013     ,   ,  447   , ,  1817.8489   ,    167.2544    ,   167.2544    ,  
WMAP_2013     ,   ,  448   , ,  1816.6589   ,    168.0372    ,   168.0372    ,  
WMAP_2013     ,   ,  449   , ,  1803.3807   ,    168.8300    ,   168.8300    ,  
WMAP_2013     ,   ,  450   , ,  1912.9178   ,    169.6383    ,   169.6383    ,  
WMAP_2013     ,   ,  451   , ,  2087.1414   ,    170.4525    ,   170.4525    ,  
WMAP_2013     ,   ,  452   , ,  2198.3577   ,    171.2730    ,   171.2730    ,  
WMAP_2013     ,   ,  453   , ,  2125.2395   ,    172.1084    ,   172.1084    ,  
WMAP_2013     ,   ,  454   , ,  1865.4795   ,    172.9454    ,   172.9454    ,  
WMAP_2013     ,   ,  455   , ,  2224.9810   ,    173.7938    ,   173.7938    ,  
WMAP_2013     ,   ,  456   , ,  2176.2832   ,    174.6520    ,   174.6520    ,  
WMAP_2013     ,   ,  457   , ,  1757.1086   ,    175.5125    ,   175.5125    ,  
WMAP_2013     ,   ,  458   , ,  1832.8232   ,    176.3788    ,   176.3788    ,  
WMAP_2013     ,   ,  459   , ,  2220.1213   ,    177.2563    ,   177.2563    ,  
WMAP_2013     ,   ,  460   , ,  2020.7822   ,    178.1358    ,   178.1358    ,  
WMAP_2013     ,   ,  461   , ,  2046.7350   ,    179.0211    ,   179.0211    ,  
WMAP_2013     ,   ,  462   , ,  2485.2485   ,    179.9082    ,   179.9082    ,  
WMAP_2013     ,   ,  463   , ,  2155.6360   ,    180.8019    ,   180.8019    ,  
WMAP_2013     ,   ,  464   , ,  2191.4385   ,    181.6969    ,   181.6969    ,  
WMAP_2013     ,   ,  465   , ,  2763.8223   ,    182.5989    ,   182.5989    ,  
WMAP_2013     ,   ,  466   , ,  2189.7280   ,    183.5029    ,   183.5029    ,  
WMAP_2013     ,   ,  467   , ,  2361.3132   ,    184.4129    ,   184.4129    ,  
WMAP_2013     ,   ,  468   , ,  2004.4438   ,    185.3206    ,   185.3206    ,  
WMAP_2013     ,   ,  469   , ,  2170.3784   ,    186.2354    ,   186.2354    ,  
WMAP_2013     ,   ,  470   , ,  1996.2780   ,    187.1516    ,   187.1516    ,  
WMAP_2013     ,   ,  471   , ,  2554.1118   ,    188.0656    ,   188.0656    ,  
WMAP_2013     ,   ,  472   , ,  2157.4675   ,    188.9818    ,   188.9818    ,  
WMAP_2013     ,   ,  473   , ,  2438.9375   ,    189.9003    ,   189.9003    ,  
WMAP_2013     ,   ,  474   , ,  2221.4189   ,    190.8164    ,   190.8164    ,  
WMAP_2013     ,   ,  475   , ,  1983.0885   ,    191.7353    ,   191.7353    ,  
WMAP_2013     ,   ,  476   , ,  2345.2278   ,    192.6510    ,   192.6510    ,  
WMAP_2013     ,   ,  477   , ,  2129.6262   ,    193.5644    ,   193.5644    ,  
WMAP_2013     ,   ,  478   , ,  2211.4663   ,    194.4812    ,   194.4812    ,  
WMAP_2013     ,   ,  479   , ,  2422.6807   ,    195.3967    ,   195.3967    ,  
WMAP_2013     ,   ,  480   , ,  2323.3611   ,    196.3098    ,   196.3098    ,  
WMAP_2013     ,   ,  481   , ,  2308.0640   ,    197.2201    ,   197.2201    ,  
WMAP_2013     ,   ,  482   , ,  2035.2120   ,    198.1335    ,   198.1335    ,  
WMAP_2013     ,   ,  483   , ,  2472.9624   ,    199.0408    ,   199.0408    ,  
WMAP_2013     ,   ,  484   , ,  2231.7773   ,    199.9419    ,   199.9419    ,  
WMAP_2013     ,   ,  485   , ,  2142.3765   ,    200.8460    ,   200.8460    ,  
WMAP_2013     ,   ,  486   , ,  2407.3096   ,    201.7453    ,   201.7453    ,  
WMAP_2013     ,   ,  487   , ,  2044.5077   ,    202.6381    ,   202.6381    ,  
WMAP_2013     ,   ,  488   , ,  2447.6853   ,    203.5300    ,   203.5300    ,  
WMAP_2013     ,   ,  489   , ,  2241.8735   ,    204.4151    ,   204.4151    ,  
WMAP_2013     ,   ,  490   , ,  2592.6934   ,    205.3004    ,   205.3004    ,  
WMAP_2013     ,   ,  491   , ,  2455.9819   ,    206.1753    ,   206.1753    ,  
WMAP_2013     ,   ,  492   , ,  2496.1528   ,    207.0489    ,   207.0489    ,  
WMAP_2013     ,   ,  493   , ,  2418.0662   ,    207.9176    ,   207.9176    ,  
WMAP_2013     ,   ,  494   , ,  2644.1848   ,    208.7860    ,   208.7860    ,  
WMAP_2013     ,   ,  495   , ,  2375.9465   ,    209.6438    ,   209.6438    ,  
WMAP_2013     ,   ,  496   , ,  2159.0547   ,    210.4950    ,   210.4950    ,  
WMAP_2013     ,   ,  497   , ,  2170.4800   ,    211.3430    ,   211.3430    ,  
WMAP_2013     ,   ,  498   , ,  2207.8481   ,    212.1850    ,   212.1850    ,  
WMAP_2013     ,   ,  499   , ,  2571.8032   ,    213.0230    ,   213.0230    ,  
WMAP_2013     ,   ,  500   , ,  2794.2095   ,    213.8559    ,   213.8559    ,  
SPTPol, 50.0  ,  75.8  ,  100.0 ,  1341.6 ,469.8 , 469.8 , 
SPTPol, 100.0 ,  124.5 ,  150.0 ,  5187.0 ,530.8 , 530.8 , 
SPTPol, 150.0 ,  174.7 ,  200.0 ,  4785.2 ,588.8 , 588.8 , 
SPTPol, 200.0 ,  224.6 ,  250.0 ,  6397.1 ,639.4 , 639.4 , 
SPTPol, 250.0 ,  274.5 ,  300.0 ,  4226.3 ,447.3 , 447.3 , 
SPTPol, 300.0 ,  324.5 ,  350.0 ,  3551.0 ,298.2 , 298.2 ,    
SPTPol, 350.0 ,  374.5 ,  400.0 ,  1767.6 ,167.4 , 167.4 ,    
SPTPol, 400.0 ,  424.4 ,  450.0 ,  1941.2 ,142.4 , 142.4 ,    
SPTPol, 450.0 ,  474.5 ,  500.0 ,  2157.1 ,151.3 , 151.3 , 
SPTPol, 500.0 ,  524.5 ,  550.0 ,  2634.1 ,164.8 , 164.8 , 
SPTPol, 550.0 ,  574.5 ,  600.0 ,  2349.0 ,144.5 , 144.5 , 
SPTPol, 600.0 ,  624.4 ,  650.0 ,  2102.6 ,125.3 , 125.3 , 
SPTPol, 650.0 ,  674.5 ,  700.0 ,  1903.2 ,108.7 , 108.7 ,    
SPTPol, 700.0 ,  724.5 ,  750.0 ,  2143.2 ,109.3 , 109.3 ,    
SPTPol, 750.0 ,  774.6 ,  800.0 ,  2466.3 ,128.9 , 128.9 , 
SPTPol, 800.0 ,  824.5 ,  850.0 ,  2555.5 ,131.7 , 131.7 , 
SPTPol, 850.0 ,  874.5 ,  900.0 ,  2160.0 ,111.1 , 111.1 , 
SPTPol, 900.0 ,  924.5 ,  950.0 ,  1556.4 ,81.2  , 81.2  , 
SPTPol, 950.0 ,  974.5 ,  1000.0,  1301.6 ,61.6  , 61.6  , 
SPTPol, 1000.0,  1024.5,  1050.0,  1062.9 ,53.9  , 53.9  , 
SPTPol, 1050.0,  1074.5,  1100.0,  1161.7 ,56.9  , 56.9  , 
SPTPol, 1100.0,  1124.5,  1150.0,  1228.0 ,58.0  , 58.0  , 
SPTPol, 1150.0,  1174.6,  1200.0,  1152.2 ,51.6  , 51.6  , 
SPTPol, 1200.0,  1224.5,  1250.0,  902.7  ,39.8  , 39.8  , 
SPTPol, 1250.0,  1274.5,  1300.0,  773.8  ,33.0  , 33.0  , 
SPTPol, 1300.0,  1324.4,  1350.0,  695.6  ,32.2  , 32.2  , 
SPTPol, 1350.0,  1374.4,  1400.0,  724.8  ,31.4  , 31.4  , 
SPTPol, 1400.0,  1424.5,  1450.0,  818.2  ,30.2  , 30.2  , 
SPTPol, 1450.0,  1474.5,  1500.0,  722.0  ,30.2  , 30.2  , 
SPTPol, 1500.0,  1524.5,  1550.0,  622.1  ,22.3  , 22.3  , 
SPTPol, 1550.0,  1574.5,  1600.0,  473.5  ,17.6  , 17.6  , 
SPTPol, 1600.0,  1624.4,  1650.0,  383.4  ,16.4  , 16.4  , 
SPTPol, 1650.0,  1674.5,  1700.0,  401.0  ,15.0  , 15.0  , 
SPTPol, 1700.0,  1724.5,  1750.0,  389.3  ,15.8  , 15.8  , 
SPTPol, 1750.0,  1774.4,  1800.0,  403.5  ,14.9  , 14.9  , 
SPTPol, 1800.0,  1824.5,  1850.0,  362.7  ,12.2  , 12.2  , 
SPTPol, 1850.0,  1874.5,  1900.0,  260.4  ,10.3  , 10.3  , 
SPTPol, 1900.0,  1924.5,  1950.0,  254.2  ,9.0   , 9.0   , 
SPTPol, 1950.0,  1974.5,  2000.0,  239.5  ,8.1   , 8.1   , 
SPTPol, 2000.0,  2049.5,  2100.0,  240.6  ,6.2   , 6.2   , 
SPTPol, 2100.0,  2149.4,  2200.0,  186.1  ,4.9   , 4.9   , 
SPTPol, 2200.0,  2249.5,  2300.0,  144.5  ,4.5   , 4.5   , 
SPTPol, 2300.0,  2349.5,  2400.0,  131.2  ,3.9   , 3.9   , 
SPTPol, 2400.0,  2449.5,  2500.0,  108.8  ,3.1   , 3.1   , 
SPTPol, 2500.0,  2549.5,  2600.0,  89.6   ,2.2   , 2.2   , 
SPTPol, 2600.0,  2649.5,  2700.0,  80.2   ,2.0   , 2.0   , 
SPTPol, 2700.0,  2749.5,  2800.0,  69.4   ,1.8   , 1.8   , 
SPTPol, 2800.0,  2849.5,  2900.0,  58.0   ,1.5   , 1.5   , 
SPTPol, 2900.0,  2949.5,  3000.0,  54.3   ,1.4   , 1.4   , 
SPTPol, 3000.0,  3249.5,  3500.0,  45.4   ,0.6   , 0.6   , 
SPTPol, 3500.0,  3749.5,  4000.0,  41.1   ,0.7   , 0.7   , 
SPTPol, 4000.0,  4249.5,  4500.0,  44.7   ,0.9   , 0.9   , 
SPTPol, 4500.0,  4749.5,  5000.0,  52.2   ,0.7   , 0.7   , 
SPTPol, 5000.0,  5499.5,  6000.0,  66.0   ,0.6   , 0.6   , 
SPTPol, 6000.0,  6499.5,  7000.0,  89.4   ,1.1   , 1.1   , 
SPTPol, 7000.0,  7499.5,  8000.0,  115.7  ,1.4   , 1.4   , 
